# Fields are number, contacting residues i & j (in library coordinates), and residues i & j (in PDB coordinates)
# n	i	j	pdbi	pdbj
0	31	32	34	35
1	32	33	35	36
2	32	36	35	39
3	32	38	35	41
4	32	399	35	400
5	33	34	36	37
6	33	36	36	39
7	33	399	36	400
8	34	35	37	38
9	35	36	38	39
10	36	37	39	40
11	36	394	39	395
12	36	399	39	400
13	37	38	40	41
14	38	39	41	42
15	38	74	41	77
16	38	398	41	399
17	39	40	42	43
18	39	72	42	75
19	39	73	42	76
20	39	74	42	77
21	39	83	42	86
22	39	398	42	399
23	39	399	42	400
24	39	400	42	401
25	40	41	43	44
26	40	42	43	45
27	40	72	43	75
28	40	73	43	76
29	40	74	43	77
30	40	398	43	399
31	41	42	44	45
32	41	50	44	53
33	41	74	44	77
34	41	76	44	79
35	42	43	45	46
36	42	50	45	53
37	42	65	45	68
38	42	69	45	72
39	43	44	46	47
40	43	45	46	48
41	43	50	46	53
42	44	45	47	48
43	44	49	47	52
44	44	50	47	53
45	45	46	48	49
46	45	48	48	51
47	45	49	48	52
48	46	47	49	50
49	46	48	49	51
50	47	48	50	51
51	47	78	50	81
52	48	49	51	52
53	48	51	51	54
54	48	52	51	55
55	48	78	51	81
56	48	236	51	239
57	49	50	52	53
58	49	76	52	79
59	50	51	53	54
60	50	53	53	56
61	50	75	53	78
62	50	76	53	79
63	51	52	54	55
64	51	53	54	56
65	51	77	54	80
66	51	232	54	235
67	51	236	54	239
68	52	53	55	56
69	53	54	56	57
70	53	55	56	58
71	53	61	56	64
72	54	55	57	58
73	54	58	57	61
74	54	61	57	64
75	54	62	57	65
76	54	75	57	78
77	54	77	57	80
78	55	56	58	59
79	56	57	59	60
80	56	58	59	61
81	56	494	59	495
82	57	58	60	61
83	57	59	60	62
84	57	60	60	63
85	57	494	60	495
86	58	59	61	62
87	58	62	61	65
88	58	383	61	384
89	58	494	61	495
90	59	60	62	63
91	59	63	62	66
92	59	382	62	383
93	59	383	62	384
94	59	409	62	410
95	59	411	62	412
96	59	494	62	495
97	59	498	62	499
98	60	61	63	64
99	60	63	63	66
100	60	64	63	67
101	60	411	63	412
102	61	62	64	65
103	61	63	64	66
104	61	64	64	67
105	62	63	65	66
106	62	64	65	67
107	62	65	65	68
108	62	66	65	69
109	62	75	65	78
110	62	84	65	87
111	62	383	65	384
112	62	407	65	408
113	62	409	65	410
114	63	64	66	67
115	63	66	66	69
116	63	67	66	70
117	63	409	66	410
118	63	411	66	412
119	63	412	66	413
120	64	65	67	68
121	64	66	67	69
122	64	67	67	70
123	65	66	68	69
124	65	67	68	70
125	65	68	68	71
126	65	69	68	72
127	65	73	68	76
128	65	75	68	78
129	66	67	69	70
130	66	68	69	71
131	66	70	69	73
132	66	73	69	76
133	66	86	69	89
134	66	412	69	413
135	67	68	70	71
136	67	412	70	413
137	67	417	70	418
138	68	69	71	72
139	69	70	72	73
140	69	73	72	76
141	70	71	73	74
142	70	72	73	75
143	71	72	74	75
144	71	87	74	90
145	71	90	74	93
146	71	396	74	397
147	72	73	75	76
148	72	83	75	86
149	72	85	75	88
150	72	90	75	93
151	72	395	75	396
152	72	396	75	397
153	72	398	75	399
154	73	74	76	77
155	73	75	76	78
156	73	83	76	86
157	73	84	76	87
158	74	75	77	78
159	74	76	77	79
160	74	81	77	84
161	74	82	77	85
162	74	83	77	86
163	75	76	78	79
164	75	77	78	80
165	75	82	78	85
166	75	84	78	87
167	76	77	79	80
168	76	78	79	81
169	76	79	79	82
170	76	80	79	83
171	76	81	79	84
172	77	78	80	81
173	77	82	80	85
174	77	230	80	233
175	77	235	80	238
176	77	236	80	239
177	77	407	80	408
178	78	79	81	82
179	78	236	81	239
180	79	80	82	83
181	79	81	82	84
182	80	81	83	84
183	80	82	83	85
184	80	235	83	238
185	81	82	84	85
186	82	83	85	86
187	82	235	85	238
188	82	405	85	406
189	82	407	85	408
190	83	84	86	87
191	83	85	86	88
192	83	102	86	105
193	83	395	86	396
194	83	400	86	401
195	83	404	86	405
196	83	406	86	407
197	84	85	87	88
198	84	86	87	89
199	85	86	88	89
200	85	90	88	93
201	85	91	88	94
202	85	94	88	97
203	85	395	88	396
204	85	406	88	407
205	86	87	89	90
206	86	91	89	94
207	86	412	89	413
208	86	413	89	414
209	87	88	90	91
210	87	89	90	92
211	87	90	90	93
212	87	91	90	94
213	87	412	90	413
214	87	413	90	414
215	87	416	90	417
216	87	418	90	419
217	88	89	91	92
218	88	91	91	94
219	88	413	91	414
220	88	446	91	447
221	88	448	91	449
222	88	452	91	453
223	89	90	92	93
224	89	91	92	94
225	89	92	92	95
226	90	91	93	94
227	90	92	93	95
228	90	93	93	96
229	90	395	93	396
230	90	396	93	397
231	91	92	94	95
232	91	93	94	96
233	91	95	94	98
234	91	408	94	409
235	91	413	94	414
236	91	448	94	449
237	91	452	94	453
238	92	93	95	96
239	92	94	95	97
240	92	96	95	99
241	92	97	95	100
242	92	452	95	453
243	93	94	96	97
244	93	97	96	100
245	93	98	96	101
246	93	395	96	396
247	94	95	97	98
248	94	98	97	101
249	94	102	97	105
250	94	395	97	396
251	95	96	98	99
252	95	99	98	102
253	95	102	98	105
254	95	387	98	388
255	95	408	98	409
256	95	448	98	449
257	95	452	98	453
258	95	453	98	454
259	96	97	99	100
260	96	98	99	101
261	96	99	99	102
262	96	452	99	453
263	96	453	99	454
264	97	98	100	101
265	98	99	101	102
266	98	100	101	103
267	98	101	101	104
268	98	102	101	105
269	98	393	101	394
270	98	394	101	395
271	98	395	101	396
272	99	100	102	103
273	99	101	102	104
274	99	454	102	455
275	100	101	103	104
276	100	103	103	106
277	100	390	103	391
278	100	391	103	392
279	100	454	103	455
280	101	102	104	105
281	101	389	104	390
282	101	390	104	391
283	101	391	104	392
284	101	393	104	394
285	102	103	105	106
286	102	387	105	388
287	102	389	105	390
288	102	393	105	394
289	102	395	105	396
290	102	400	105	401
291	102	406	105	407
292	103	104	106	107
293	103	126	106	129
294	103	130	106	133
295	103	387	106	388
296	103	390	106	391
297	103	454	106	455
298	103	455	106	456
299	104	105	107	108
300	104	126	107	129
301	104	387	107	388
302	104	388	107	389
303	104	390	107	391
304	104	455	107	456
305	105	106	108	109
306	105	121	108	124
307	105	122	108	125
308	105	123	108	126
309	105	124	108	127
310	105	385	108	386
311	105	386	108	387
312	105	387	108	388
313	105	388	108	389
314	105	455	108	456
315	106	107	109	110
316	106	108	109	111
317	106	124	109	127
318	106	386	109	387
319	106	387	109	388
320	106	388	109	389
321	106	405	109	406
322	107	108	110	111
323	107	112	110	115
324	107	124	110	127
325	108	109	111	112
326	108	110	111	113
327	108	111	111	114
328	108	112	111	115
329	108	234	111	237
330	108	235	111	238
331	108	386	111	387
332	109	110	112	113
333	109	111	112	114
334	109	112	112	115
335	109	113	112	116
336	109	233	112	236
337	109	234	112	237
338	109	240	112	243
339	109	247	112	250
340	109	251	112	254
341	110	111	113	114
342	110	112	113	115
343	110	113	113	116
344	110	114	113	117
345	110	226	113	229
346	110	231	113	234
347	110	233	113	236
348	110	234	113	237
349	110	250	113	253
350	111	112	114	115
351	111	113	114	116
352	111	114	114	117
353	111	122	114	125
354	112	113	115	116
355	113	114	116	117
356	113	247	116	250
357	113	250	116	253
358	113	251	116	254
359	113	254	116	257
360	114	115	117	118
361	114	119	117	122
362	114	122	117	125
363	114	223	117	226
364	114	227	117	230
365	114	250	117	253
366	114	254	117	257
367	115	116	118	119
368	115	119	118	122
369	115	254	118	257
370	115	257	118	260
371	115	258	118	261
372	115	311	118	312
373	116	117	119	120
374	116	118	119	121
375	116	258	119	261
376	116	308	119	309
377	116	311	119	312
378	117	118	120	121
379	118	119	121	122
380	118	123	121	126
381	118	133	121	136
382	118	305	121	306
383	118	308	121	309
384	119	120	122	123
385	119	121	122	124
386	119	122	122	125
387	119	123	122	126
388	119	133	122	136
389	119	312	122	313
390	120	121	123	124
391	120	130	123	133
392	120	133	123	136
393	120	134	123	137
394	120	137	123	140
395	120	309	123	310
396	120	312	123	313
397	121	122	124	125
398	121	312	124	313
399	121	385	124	386
400	122	123	125	126
401	122	223	125	226
402	122	227	125	230
403	122	385	125	386
404	122	496	125	497
405	123	124	126	127
406	123	125	126	128
407	124	125	127	128
408	125	126	128	129
409	125	127	128	130
410	125	129	128	132
411	125	130	128	133
412	126	127	129	130
413	126	130	129	133
414	126	390	129	391
415	126	455	129	456
416	127	128	130	131
417	128	129	131	132
418	128	130	131	133
419	128	131	131	134
420	128	294	131	297
421	128	295	131	298
422	129	130	132	133
423	129	131	132	134
424	129	132	132	135
425	129	133	132	136
426	129	294	132	297
427	129	305	132	306
428	130	131	133	134
429	130	133	133	136
430	130	134	133	137
431	130	454	133	455
432	130	455	133	456
433	131	132	134	135
434	131	134	134	137
435	132	133	135	136
436	132	134	135	137
437	132	135	135	138
438	132	136	135	139
439	132	294	135	297
440	132	301	135	302
441	133	134	136	137
442	133	135	136	138
443	133	136	136	139
444	133	137	136	140
445	133	305	136	306
446	133	308	136	309
447	133	309	136	310
448	134	135	137	138
449	134	136	137	139
450	134	137	137	140
451	134	138	137	141
452	134	454	137	455
453	134	455	137	456
454	134	456	137	457
455	134	458	137	459
456	135	136	138	139
457	135	137	138	140
458	135	138	138	141
459	135	139	138	142
460	136	137	139	140
461	136	138	139	141
462	136	284	139	287
463	136	287	139	290
464	136	292	139	295
465	136	306	139	307
466	136	309	139	310
467	137	138	140	141
468	137	141	140	144
469	137	309	140	310
470	137	313	140	314
471	137	458	140	459
472	138	139	141	142
473	138	141	141	144
474	138	142	141	145
475	138	458	141	459
476	139	140	142	143
477	139	141	142	144
478	139	142	142	145
479	139	143	142	146
480	140	141	143	144
481	140	142	143	145
482	140	143	143	146
483	140	280	143	283
484	140	283	143	286
485	140	284	143	287
486	141	142	144	145
487	141	145	144	148
488	141	280	144	283
489	141	313	144	314
490	141	458	144	459
491	141	459	144	460
492	141	462	144	463
493	142	143	145	146
494	142	144	145	147
495	142	145	145	148
496	142	146	145	149
497	142	147	145	150
498	143	144	146	147
499	143	147	146	150
500	143	157	146	160
501	144	145	147	148
502	144	157	147	160
503	144	200	147	203
504	144	277	147	280
505	144	278	147	281
506	144	279	147	282
507	144	280	147	283
508	144	283	147	286
509	145	146	148	149
510	145	156	148	159
511	145	157	148	160
512	145	158	148	161
513	145	200	148	203
514	145	462	148	463
515	146	147	149	150
516	146	156	149	159
517	146	461	149	462
518	146	462	149	463
519	146	465	149	466
520	147	148	150	151
521	147	156	150	159
522	148	149	151	152
523	148	150	151	153
524	148	155	151	158
525	148	156	151	159
526	148	157	151	160
527	149	150	152	153
528	149	151	152	154
529	149	152	152	155
530	149	156	152	159
531	149	157	152	160
532	149	160	152	163
533	150	151	153	154
534	150	152	153	155
535	150	157	153	160
536	151	152	154	155
537	152	153	155	156
538	152	154	155	157
539	152	155	155	158
540	152	160	155	163
541	153	154	156	157
542	154	155	157	158
543	155	156	158	159
544	155	159	158	162
545	155	160	158	163
546	156	157	159	160
547	156	158	159	161
548	156	159	159	162
549	156	160	159	163
550	156	358	159	359
551	156	465	159	466
552	157	158	160	161
553	157	159	160	162
554	157	160	160	163
555	157	161	160	164
556	158	159	161	162
557	158	160	161	163
558	158	162	161	165
559	158	196	161	199
560	158	200	161	203
561	158	462	161	463
562	158	465	161	466
563	158	466	161	467
564	159	160	162	163
565	159	163	162	166
566	159	357	162	358
567	159	358	162	359
568	159	469	162	470
569	160	161	163	164
570	160	163	163	166
571	161	162	164	165
572	161	164	164	167
573	161	196	164	199
574	161	199	164	202
575	161	200	164	203
576	162	163	165	166
577	162	164	165	167
578	162	165	165	168
579	162	166	165	169
580	162	196	165	199
581	162	466	165	467
582	162	469	165	470
583	162	470	165	471
584	163	164	166	167
585	163	469	166	470
586	164	165	167	168
587	164	167	167	170
588	165	166	168	169
589	165	169	168	172
590	165	172	168	175
591	165	191	168	194
592	165	192	168	195
593	165	195	168	198
594	165	196	168	199
595	165	470	168	471
596	166	167	169	170
597	166	168	169	171
598	166	169	169	172
599	166	170	169	173
600	166	470	169	471
601	166	473	169	474
602	167	168	170	171
603	167	169	170	172
604	167	170	170	173
605	167	355	170	356
606	168	169	171	172
607	168	170	171	173
608	168	171	171	174
609	168	172	171	175
610	169	170	172	173
611	169	171	172	174
612	169	172	172	175
613	169	173	172	176
614	169	192	172	195
615	169	470	172	471
616	169	474	172	475
617	170	171	173	174
618	170	172	173	175
619	170	173	173	176
620	170	174	173	177
621	170	355	173	356
622	170	473	173	474
623	170	474	173	475
624	170	477	173	478
625	170	478	173	479
626	170	510	173	511
627	171	172	174	175
628	171	173	174	176
629	171	175	174	178
630	172	173	175	176
631	172	175	175	178
632	172	176	175	179
633	172	188	175	191
634	172	191	175	194
635	172	192	175	195
636	173	174	176	177
637	173	175	176	178
638	173	176	176	179
639	173	177	176	180
640	173	183	176	186
641	173	188	176	191
642	173	478	176	479
643	173	480	176	481
644	173	508	176	509
645	174	175	177	178
646	174	176	177	179
647	174	177	177	180
648	174	478	177	479
649	174	510	177	511
650	175	176	178	179
651	175	177	178	180
652	175	178	178	181
653	176	177	179	180
654	176	179	179	182
655	176	180	179	183
656	176	183	179	186
657	176	188	179	191
658	177	178	180	181
659	177	179	180	182
660	177	181	180	184
661	177	182	180	185
662	177	183	180	186
663	177	507	180	508
664	177	508	180	509
665	178	179	181	182
666	179	180	182	183
667	179	181	182	184
668	180	181	183	184
669	180	182	183	185
670	181	182	184	185
671	181	507	184	508
672	182	183	185	186
673	182	504	185	505
674	182	505	185	506
675	182	506	185	507
676	183	184	186	187
677	183	185	186	188
678	183	188	186	191
679	183	480	186	481
680	183	504	186	505
681	183	506	186	507
682	183	507	186	508
683	183	508	186	509
684	184	185	187	188
685	184	186	187	189
686	184	187	187	190
687	184	502	187	503
688	184	503	187	504
689	184	504	187	505
690	185	186	188	189
691	185	187	188	190
692	185	189	188	192
693	185	329	188	330
694	185	330	188	331
695	185	503	188	504
696	185	506	188	507
697	186	187	189	190
698	186	189	189	192
699	186	190	189	193
700	186	220	189	223
701	186	319	189	320
702	186	322	189	323
703	186	326	189	327
704	186	499	189	500
705	186	502	189	503
706	187	188	190	191
707	187	190	190	193
708	187	218	190	221
709	187	502	190	503
710	188	189	191	192
711	189	190	192	193
712	189	191	192	194
713	189	193	192	196
714	189	322	192	323
715	189	325	192	326
716	189	329	192	330
717	190	191	193	194
718	190	194	193	197
719	190	217	193	220
720	190	218	193	221
721	190	318	193	319
722	190	322	193	323
723	191	192	194	195
724	191	194	194	197
725	191	195	194	198
726	191	214	194	217
727	192	193	195	196
728	192	194	195	197
729	192	195	195	198
730	192	196	195	199
731	192	470	195	471
732	193	194	196	197
733	193	195	196	198
734	193	196	196	199
735	193	197	196	200
736	193	318	196	319
737	193	321	196	322
738	193	322	196	323
739	193	325	196	326
740	193	466	196	467
741	194	195	197	198
742	194	196	197	199
743	194	197	197	200
744	194	206	197	209
745	194	213	197	216
746	194	217	197	220
747	194	318	197	319
748	195	196	198	199
749	195	206	198	209
750	195	208	198	211
751	196	197	199	200
752	196	198	199	201
753	196	200	199	203
754	196	466	199	467
755	196	470	199	471
756	197	198	200	201
757	197	199	200	202
758	197	200	200	203
759	197	201	200	204
760	197	313	200	314
761	197	314	200	315
762	197	318	200	319
763	198	199	201	202
764	198	201	201	204
765	198	202	201	205
766	198	206	201	209
767	198	314	201	315
768	199	200	202	203
769	199	201	202	204
770	199	203	202	206
771	200	201	203	204
772	200	279	203	282
773	200	280	203	283
774	200	462	203	463
775	201	202	204	205
776	201	279	204	282
777	201	280	204	283
778	201	281	204	284
779	201	313	204	314
780	201	314	204	315
781	202	203	205	206
782	202	205	205	208
783	202	206	205	209
784	202	261	205	264
785	202	264	205	267
786	202	265	205	268
787	202	268	205	271
788	202	279	205	282
789	202	281	205	284
790	202	310	205	311
791	202	314	205	315
792	203	204	206	207
793	203	205	206	208
794	203	279	206	282
795	204	205	207	208
796	204	206	207	209
797	205	206	208	209
798	205	207	208	210
799	205	267	208	270
800	205	268	208	271
801	205	271	208	274
802	206	207	209	210
803	206	208	209	211
804	206	213	209	216
805	206	260	209	263
806	206	314	209	315
807	207	208	210	211
808	207	209	210	212
809	207	210	210	213
810	207	260	210	263
811	208	209	211	212
812	208	213	211	216
813	209	210	212	213
814	210	211	213	214
815	210	212	213	215
816	210	213	213	216
817	210	214	213	217
818	210	260	213	263
819	211	212	214	215
820	211	214	214	217
821	211	215	214	218
822	212	213	215	216
823	212	215	215	218
824	212	259	215	262
825	212	260	215	263
826	212	263	215	266
827	213	214	216	217
828	213	215	216	218
829	213	216	216	219
830	213	217	216	220
831	213	260	216	263
832	214	215	217	218
833	214	216	217	219
834	214	217	217	220
835	214	218	217	221
836	215	216	218	219
837	215	219	218	222
838	216	217	219	220
839	216	218	219	221
840	216	253	219	256
841	216	256	219	259
842	216	257	219	260
843	216	260	219	263
844	217	218	220	221
845	217	219	220	222
846	217	220	220	223
847	217	314	220	315
848	217	318	220	319
849	218	219	221	222
850	219	220	222	223
851	219	221	222	224
852	219	222	222	225
853	219	253	222	256
854	220	221	223	224
855	220	222	223	225
856	220	223	223	226
857	220	253	223	256
858	220	318	223	319
859	220	319	223	320
860	220	499	223	500
861	221	222	224	225
862	221	223	224	226
863	221	224	224	227
864	221	225	224	228
865	222	223	225	226
866	222	249	225	252
867	222	250	225	253
868	222	253	225	256
869	223	224	226	227
870	223	227	226	230
871	223	250	226	253
872	223	253	226	256
873	223	254	226	257
874	223	496	226	497
875	224	225	227	228
876	224	226	227	229
877	224	319	227	320
878	224	495	227	496
879	224	496	227	497
880	224	497	227	498
881	225	226	228	229
882	225	228	228	231
883	225	493	228	494
884	225	495	228	496
885	226	227	229	230
886	226	228	229	231
887	226	231	229	234
888	226	246	229	249
889	226	250	229	253
890	227	228	230	231
891	227	250	230	253
892	227	496	230	497
893	228	229	231	232
894	228	231	231	234
895	228	494	231	495
896	228	495	231	496
897	228	496	231	497
898	229	230	232	233
899	229	383	232	384
900	229	386	232	387
901	229	407	232	408
902	229	494	232	495
903	230	231	233	234
904	230	232	233	235
905	230	235	233	238
906	230	407	233	408
907	231	232	234	235
908	231	233	234	236
909	231	234	234	237
910	231	235	234	238
911	232	233	235	236
912	232	234	235	237
913	232	236	235	239
914	232	239	235	242
915	233	234	236	237
916	233	239	236	242
917	233	240	236	243
918	233	244	236	247
919	233	247	236	250
920	234	235	237	238
921	234	240	237	243
922	235	236	238	239
923	235	237	238	240
924	235	407	238	408
925	236	237	239	240
926	236	238	239	241
927	236	239	239	242
928	236	240	239	243
929	237	238	240	241
930	237	239	240	242
931	237	240	240	243
932	237	241	240	244
933	238	239	241	242
934	238	240	241	243
935	238	241	241	244
936	239	240	242	243
937	239	241	242	244
938	239	242	242	245
939	240	241	243	244
940	240	247	243	250
941	241	242	244	245
942	241	243	244	246
943	242	243	245	246
944	242	244	245	247
945	243	244	246	247
946	243	245	246	248
947	244	245	247	248
948	244	246	247	249
949	244	247	247	250
950	245	246	248	249
951	245	247	248	250
952	245	248	248	251
953	245	249	248	252
954	246	247	249	250
955	246	249	249	252
956	247	248	250	251
957	247	249	250	252
958	247	250	250	253
959	247	251	250	254
960	248	249	251	252
961	248	250	251	253
962	248	251	251	254
963	249	250	252	253
964	249	253	252	256
965	250	251	253	254
966	250	253	253	256
967	250	254	253	257
968	251	252	254	255
969	251	254	254	257
970	251	255	254	258
971	252	253	255	256
972	252	254	255	257
973	252	255	255	258
974	252	256	255	259
975	253	254	256	257
976	253	256	256	259
977	253	257	256	260
978	254	255	257	258
979	254	257	257	260
980	255	256	258	259
981	255	257	258	260
982	256	257	259	260
983	256	259	259	262
984	257	258	260	261
985	257	259	260	262
986	257	260	260	263
987	257	261	260	264
988	257	311	260	312
989	257	314	260	315
990	257	315	260	316
991	258	259	261	262
992	258	261	261	264
993	258	262	261	265
994	258	311	261	312
995	259	260	262	263
996	259	263	262	266
997	260	261	263	264
998	260	263	263	266
999	260	264	263	267
1000	261	262	264	265
1001	261	263	264	266
1002	261	264	264	267
1003	261	265	264	268
1004	261	310	264	311
1005	261	311	264	312
1006	261	314	264	315
1007	262	263	265	266
1008	262	264	265	267
1009	262	265	265	268
1010	262	266	265	269
1011	263	264	266	267
1012	263	266	266	269
1013	263	267	266	270
1014	264	265	267	268
1015	264	266	267	269
1016	264	267	267	270
1017	264	268	267	271
1018	265	266	268	269
1019	265	267	268	270
1020	265	268	268	271
1021	265	269	268	272
1022	265	281	268	284
1023	265	285	268	288
1024	265	307	268	308
1025	265	310	268	311
1026	266	267	269	270
1027	266	268	269	271
1028	266	269	269	272
1029	266	270	269	273
1030	267	268	270	271
1031	267	269	270	272
1032	267	270	270	273
1033	268	269	271	272
1034	268	270	271	273
1035	268	279	271	282
1036	268	281	271	284
1037	268	282	271	285
1038	268	285	271	288
1039	269	270	272	273
1040	269	271	272	274
1041	269	272	272	275
1042	269	285	272	288
1043	270	271	273	274
1044	271	272	274	275
1045	272	273	275	276
1046	272	274	275	277
1047	272	277	275	280
1048	272	282	275	285
1049	272	285	275	288
1050	272	286	275	289
1051	273	274	276	277
1052	273	275	276	278
1053	273	276	276	279
1054	274	275	277	278
1055	274	286	277	289
1056	274	289	277	292
1057	275	276	278	279
1058	276	277	279	280
1059	276	278	279	281
1060	277	278	280	281
1061	277	282	280	285
1062	277	283	280	286
1063	277	286	280	289
1064	278	279	281	282
1065	279	280	282	283
1066	279	281	282	284
1067	279	282	282	285
1068	280	281	283	284
1069	280	282	283	285
1070	280	283	283	286
1071	280	284	283	287
1072	280	310	283	311
1073	280	313	283	314
1074	281	282	284	285
1075	281	283	284	286
1076	281	284	284	287
1077	281	285	284	288
1078	281	310	284	311
1079	282	283	285	286
1080	282	284	285	287
1081	282	285	285	288
1082	283	284	286	287
1083	283	285	286	288
1084	283	286	286	289
1085	283	287	286	290
1086	284	285	287	288
1087	284	287	287	290
1088	284	288	287	291
1089	284	306	287	307
1090	284	307	287	308
1091	284	309	287	310
1092	284	310	287	311
1093	285	286	288	289
1094	285	287	288	290
1095	285	288	288	291
1096	285	289	288	292
1097	285	307	288	308
1098	286	287	289	290
1099	286	289	289	292
1100	286	290	289	293
1101	287	288	290	291
1102	287	289	290	292
1103	287	290	290	293
1104	287	292	290	295
1105	288	289	291	292
1106	288	290	291	293
1107	288	292	291	295
1108	288	303	291	304
1109	288	306	291	307
1110	288	307	291	308
1111	289	290	292	293
1112	290	291	293	294
1113	290	292	293	295
1114	291	292	294	295
1115	291	300	294	301
1116	292	293	295	296
1117	292	301	295	302
1118	292	306	295	307
1119	293	294	296	297
1120	293	297	296	300
1121	293	300	296	301
1122	293	301	296	302
1123	294	295	297	298
1124	294	296	297	299
1125	294	301	297	302
1126	295	296	298	299
1127	295	297	298	300
1128	296	297	299	300
1129	297	300	300	301
1130	300	301	301	302
1131	300	302	301	303
1132	301	302	302	303
1133	301	305	302	306
1134	301	306	302	307
1135	302	303	303	304
1136	302	304	303	305
1137	302	305	303	306
1138	302	306	303	307
1139	303	304	304	305
1140	303	305	304	306
1141	303	306	304	307
1142	303	307	304	308
1143	304	305	305	306
1144	304	306	305	307
1145	304	308	305	309
1146	305	306	306	307
1147	305	308	306	309
1148	306	307	307	308
1149	306	308	307	309
1150	306	309	307	310
1151	307	308	308	309
1152	307	309	308	310
1153	308	309	309	310
1154	308	310	309	311
1155	308	311	309	312
1156	309	310	310	311
1157	309	311	310	312
1158	309	312	310	313
1159	309	313	310	314
1160	310	311	311	312
1161	310	312	311	313
1162	310	313	311	314
1163	311	312	312	313
1164	312	313	313	314
1165	312	316	313	317
1166	313	314	314	315
1167	314	315	315	316
1168	314	318	315	319
1169	315	316	316	317
1170	316	317	317	318
1171	316	320	317	321
1172	317	318	318	319
1173	317	320	318	321
1174	318	319	319	320
1175	318	322	319	323
1176	319	320	320	321
1177	319	322	320	323
1178	319	323	320	324
1179	319	497	320	498
1180	319	499	320	500
1181	320	321	321	322
1182	320	322	321	323
1183	320	323	321	324
1184	320	380	321	381
1185	320	497	321	498
1186	321	322	322	323
1187	321	323	322	324
1188	321	324	322	325
1189	321	325	322	326
1190	321	463	322	464
1191	321	466	322	467
1192	321	467	322	468
1193	322	323	323	324
1194	322	326	323	327
1195	323	324	324	325
1196	323	326	324	327
1197	323	327	324	328
1198	323	380	324	381
1199	323	497	324	498
1200	323	498	324	499
1201	323	499	324	500
1202	324	325	325	326
1203	324	326	325	327
1204	324	327	325	328
1205	324	328	325	329
1206	324	375	325	376
1207	324	380	325	381
1208	324	467	325	468
1209	325	326	326	327
1210	325	328	326	329
1211	325	329	326	330
1212	325	467	326	468
1213	325	470	326	471
1214	326	327	327	328
1215	326	328	327	329
1216	326	330	327	331
1217	326	500	327	501
1218	327	328	328	329
1219	327	330	328	331
1220	327	331	328	332
1221	327	374	328	375
1222	327	378	328	379
1223	327	380	328	381
1224	327	490	328	491
1225	327	491	328	492
1226	327	492	328	493
1227	327	498	328	499
1228	327	499	328	500
1229	327	500	328	501
1230	328	329	329	330
1231	328	330	329	331
1232	328	331	329	332
1233	328	332	329	333
1234	328	370	329	371
1235	328	374	329	375
1236	328	471	329	472
1237	329	330	330	331
1238	329	331	330	332
1239	329	332	330	333
1240	329	333	330	334
1241	329	471	330	472
1242	329	474	330	475
1243	329	480	330	481
1244	330	331	331	332
1245	330	332	331	333
1246	330	333	331	334
1247	330	334	331	335
1248	330	488	331	489
1249	330	490	331	491
1250	330	500	331	501
1251	330	503	331	504
1252	330	506	331	507
1253	331	332	332	333
1254	331	333	332	334
1255	331	334	332	335
1256	331	335	332	336
1257	331	370	332	371
1258	331	374	332	375
1259	331	377	332	378
1260	331	378	332	379
1261	331	426	332	427
1262	331	490	332	491
1263	332	333	333	334
1264	332	334	333	335
1265	332	335	333	336
1266	332	338	333	339
1267	332	339	333	340
1268	332	342	333	343
1269	332	370	333	371
1270	332	475	333	476
1271	333	334	334	335
1272	333	480	334	481
1273	333	481	334	482
1274	333	482	334	483
1275	333	488	334	489
1276	333	506	334	507
1277	334	335	335	336
1278	334	336	335	337
1279	334	488	335	489
1280	334	490	335	491
1281	335	336	336	337
1282	335	337	336	338
1283	335	338	336	339
1284	335	426	336	427
1285	336	337	337	338
1286	336	338	337	339
1287	336	339	337	340
1288	336	340	337	341
1289	337	338	338	339
1290	337	339	338	340
1291	337	340	338	341
1292	337	341	338	342
1293	338	339	339	340
1294	338	340	339	341
1295	338	341	339	342
1296	338	342	339	343
1297	338	366	339	367
1298	338	370	339	371
1299	338	426	339	427
1300	338	428	339	429
1301	339	340	340	341
1302	339	341	340	342
1303	339	342	340	343
1304	339	343	340	344
1305	339	475	340	476
1306	339	479	340	480
1307	339	480	340	481
1308	340	341	341	342
1309	340	342	341	343
1310	340	343	341	344
1311	341	342	342	343
1312	341	343	342	344
1313	341	344	342	345
1314	341	366	342	367
1315	341	429	342	430
1316	342	343	343	344
1317	342	345	343	346
1318	342	346	343	347
1319	342	366	343	367
1320	342	367	343	368
1321	342	370	343	371
1322	342	475	343	476
1323	343	344	344	345
1324	343	345	344	346
1325	343	478	344	479
1326	343	479	344	480
1327	343	511	344	512
1328	344	345	345	346
1329	344	347	345	348
1330	344	348	345	349
1331	345	346	346	347
1332	345	347	346	348
1333	345	348	346	349
1334	345	349	346	350
1335	345	364	346	365
1336	345	365	346	366
1337	345	366	346	367
1338	345	367	346	368
1339	346	347	347	348
1340	346	350	347	351
1341	346	356	347	357
1342	346	364	347	365
1343	346	472	347	473
1344	346	475	347	476
1345	346	476	347	477
1346	347	348	348	349
1347	347	351	348	352
1348	347	352	348	353
1349	348	349	349	350
1350	349	350	350	351
1351	349	363	350	364
1352	349	364	350	365
1353	350	351	351	352
1354	350	354	351	355
1355	350	355	351	356
1356	350	356	351	357
1357	350	360	351	361
1358	350	364	351	365
1359	350	476	351	477
1360	351	352	352	353
1361	352	353	353	354
1362	352	476	353	477
1363	352	477	353	478
1364	352	511	353	512
1365	352	512	353	513
1366	353	354	354	355
1367	354	355	355	356
1368	354	356	355	357
1369	354	357	355	358
1370	354	360	355	361
1371	354	476	355	477
1372	355	356	356	357
1373	355	473	356	474
1374	355	476	356	477
1375	355	477	356	478
1376	356	357	357	358
1377	356	360	357	361
1378	356	469	357	470
1379	356	472	357	473
1380	356	473	357	474
1381	356	476	357	477
1382	357	358	358	359
1383	357	359	358	360
1384	357	360	358	361
1385	357	468	358	469
1386	357	469	358	470
1387	358	359	359	360
1388	358	360	359	361
1389	358	361	359	362
1390	358	465	359	466
1391	358	468	359	469
1392	358	469	359	470
1393	359	360	360	361
1394	359	362	360	363
1395	359	363	360	364
1396	360	361	361	362
1397	360	362	361	363
1398	360	363	361	364
1399	360	364	361	365
1400	360	468	361	469
1401	361	362	362	363
1402	361	363	362	364
1403	361	368	362	369
1404	361	464	362	465
1405	361	465	362	466
1406	361	468	362	469
1407	362	363	363	364
1408	362	368	363	369
1409	363	364	364	365
1410	363	365	364	366
1411	364	365	365	366
1412	364	366	365	367
1413	364	367	365	368
1414	364	368	365	369
1415	364	468	365	469
1416	365	366	366	367
1417	365	368	366	369
1418	365	437	366	438
1419	365	438	366	439
1420	365	439	366	440
1421	366	367	367	368
1422	366	369	367	370
1423	366	428	367	429
1424	366	429	367	430
1425	366	432	367	433
1426	367	368	368	369
1427	367	369	368	370
1428	367	370	368	371
1429	367	371	368	372
1430	367	468	368	469
1431	367	471	368	472
1432	367	472	368	473
1433	368	369	369	370
1434	368	370	369	371
1435	368	371	369	372
1436	368	372	369	373
1437	368	439	369	440
1438	369	370	370	371
1439	369	371	370	372
1440	369	372	370	373
1441	369	428	370	429
1442	369	431	370	432
1443	369	432	370	433
1444	369	439	370	440
1445	370	371	371	372
1446	370	372	371	373
1447	370	373	371	374
1448	370	374	371	375
1449	370	426	371	427
1450	370	428	371	429
1451	370	471	371	472
1452	371	372	372	373
1453	371	373	372	374
1454	371	374	372	375
1455	371	375	372	376
1456	371	467	372	468
1457	371	468	372	469
1458	371	471	372	472
1459	372	373	373	374
1460	372	375	373	376
1461	372	431	373	432
1462	372	439	373	440
1463	372	444	373	445
1464	372	464	373	465
1465	373	374	374	375
1466	373	375	374	376
1467	373	376	374	377
1468	373	377	374	378
1469	373	425	374	426
1470	373	426	374	427
1471	373	427	374	428
1472	373	428	374	429
1473	373	430	374	431
1474	373	431	374	432
1475	374	375	375	376
1476	374	378	375	379
1477	374	426	375	427
1478	375	376	376	377
1479	375	378	376	379
1480	375	379	376	380
1481	375	380	376	381
1482	375	447	376	448
1483	375	449	376	450
1484	375	450	376	451
1485	375	464	376	465
1486	375	467	376	468
1487	376	377	377	378
1488	376	379	377	380
1489	376	414	377	415
1490	376	415	377	416
1491	376	420	377	421
1492	376	423	377	424
1493	376	425	377	426
1494	376	430	377	431
1495	376	431	377	432
1496	376	447	377	448
1497	377	378	378	379
1498	377	415	378	416
1499	377	424	378	425
1500	377	425	378	426
1501	377	426	378	427
1502	378	379	379	380
1503	378	380	379	381
1504	379	380	380	381
1505	379	381	380	382
1506	379	382	380	383
1507	379	411	380	412
1508	379	414	380	415
1509	379	415	380	416
1510	379	449	380	450
1511	379	498	380	499
1512	380	381	381	382
1513	380	382	381	383
1514	380	449	381	450
1515	380	497	381	498
1516	380	498	381	499
1517	381	382	382	383
1518	381	383	382	384
1519	381	410	382	411
1520	381	449	382	450
1521	381	496	382	497
1522	381	497	382	498
1523	382	383	383	384
1524	382	410	383	411
1525	382	411	383	412
1526	382	494	383	495
1527	382	498	383	499
1528	383	384	384	385
1529	383	407	384	408
1530	383	408	384	409
1531	383	409	384	410
1532	383	410	384	411
1533	383	494	384	495
1534	384	385	385	386
1535	384	387	385	388
1536	384	408	385	409
1537	384	410	385	411
1538	384	448	385	449
1539	384	451	385	452
1540	385	386	386	387
1541	385	387	386	388
1542	385	496	386	497
1543	386	387	387	388
1544	386	405	387	406
1545	386	407	387	408
1546	387	388	388	389
1547	387	406	388	407
1548	387	455	388	456
1549	388	389	389	390
1550	388	403	389	404
1551	388	404	389	405
1552	389	390	390	391
1553	389	400	390	401
1554	389	401	390	402
1555	389	402	390	403
1556	389	403	390	404
1557	389	404	390	405
1558	389	406	390	407
1559	390	391	391	392
1560	390	402	391	403
1561	391	392	392	393
1562	391	393	392	394
1563	391	402	392	403
1564	392	393	393	394
1565	392	399	393	400
1566	392	401	393	402
1567	392	402	393	403
1568	393	394	394	395
1569	393	399	394	400
1570	393	400	394	401
1571	394	395	395	396
1572	394	397	395	398
1573	394	398	395	399
1574	394	399	395	400
1575	395	396	396	397
1576	395	397	396	398
1577	395	400	396	401
1578	396	397	397	398
1579	396	398	397	399
1580	397	398	398	399
1581	398	399	399	400
1582	398	400	399	401
1583	399	400	400	401
1584	399	401	400	402
1585	400	401	401	402
1586	400	404	401	405
1587	401	402	402	403
1588	401	404	402	405
1589	402	403	403	404
1590	403	404	404	405
1591	404	405	405	406
1592	404	406	405	407
1593	405	406	406	407
1594	405	407	406	408
1595	406	407	407	408
1596	406	408	407	409
1597	407	408	408	409
1598	408	409	409	410
1599	408	448	409	449
1600	409	410	410	411
1601	409	411	410	412
1602	409	412	410	413
1603	410	411	411	412
1604	410	412	411	413
1605	410	413	411	414
1606	410	414	411	415
1607	410	448	411	449
1608	410	449	411	450
1609	410	450	411	451
1610	410	451	411	452
1611	411	412	412	413
1612	411	414	412	415
1613	411	415	412	416
1614	411	498	412	499
1615	412	413	413	414
1616	412	414	413	415
1617	412	416	413	417
1618	413	414	414	415
1619	413	416	414	417
1620	413	419	414	420
1621	413	420	414	421
1622	413	448	414	449
1623	414	415	415	416
1624	414	420	415	421
1625	414	447	415	448
1626	414	448	415	449
1627	414	449	415	450
1628	415	416	416	417
1629	415	417	416	418
1630	415	420	416	421
1631	415	423	416	424
1632	416	417	417	418
1633	416	418	417	419
1634	416	419	417	420
1635	416	420	417	421
1636	417	418	418	419
1637	418	419	419	420
1638	419	420	420	421
1639	419	446	420	447
1640	420	421	421	422
1641	420	423	421	424
1642	420	430	421	431
1643	420	431	421	432
1644	420	443	421	444
1645	420	446	421	447
1646	420	447	421	448
1647	421	422	422	423
1648	421	423	422	424
1649	421	427	422	428
1650	421	430	422	431
1651	422	423	423	424
1652	422	424	423	425
1653	422	425	423	426
1654	422	427	423	428
1655	422	430	423	431
1656	423	424	424	425
1657	423	430	424	431
1658	424	425	425	426
1659	425	426	426	427
1660	425	427	426	428
1661	425	430	426	431
1662	426	427	427	428
1663	426	428	427	429
1664	427	428	428	429
1665	427	429	428	430
1666	427	430	428	431
1667	428	429	429	430
1668	428	430	429	431
1669	428	432	429	433
1670	429	430	430	431
1671	429	431	430	432
1672	429	432	430	433
1673	430	431	431	432
1674	430	443	431	444
1675	431	432	432	433
1676	431	439	432	440
1677	431	440	432	441
1678	431	443	432	444
1679	431	444	432	445
1680	431	447	432	448
1681	432	433	433	434
1682	432	436	433	437
1683	432	439	433	440
1684	432	440	433	441
1685	433	434	434	435
1686	433	435	434	436
1687	433	436	434	437
1688	433	437	434	438
1689	433	438	434	439
1690	433	439	434	440
1691	433	440	434	441
1692	434	435	435	436
1693	434	436	435	437
1694	435	436	436	437
1695	435	437	436	438
1696	436	437	437	438
1697	437	438	438	439
1698	438	439	439	440
1699	439	440	440	441
1700	439	441	440	442
1701	439	444	440	445
1702	440	441	441	442
1703	440	442	441	443
1704	440	443	441	444
1705	440	444	441	445
1706	441	442	442	443
1707	441	443	442	444
1708	441	444	442	445
1709	441	445	442	446
1710	442	443	443	444
1711	442	445	443	446
1712	443	444	444	445
1713	443	445	444	446
1714	443	446	444	447
1715	444	445	445	446
1716	444	446	445	447
1717	444	447	445	448
1718	445	446	446	447
1719	446	447	447	448
1720	447	448	448	449
1721	447	449	448	450
1722	448	449	449	450
1723	448	451	449	452
1724	448	452	449	453
1725	449	450	450	451
1726	450	451	451	452
1727	450	456	451	457
1728	450	457	451	458
1729	450	460	451	461
1730	450	463	451	464
1731	450	464	451	465
1732	451	452	452	453
1733	451	456	452	457
1734	452	453	453	454
1735	452	456	453	457
1736	453	454	454	455
1737	453	455	454	456
1738	454	455	455	456
1739	455	456	456	457
1740	456	457	457	458
1741	456	460	457	461
1742	457	458	458	459
1743	457	459	458	460
1744	457	460	458	461
1745	458	459	459	460
1746	459	460	460	461
1747	459	462	460	463
1748	459	463	460	464
1749	460	461	461	462
1750	460	462	461	463
1751	460	463	461	464
1752	460	464	461	465
1753	461	462	462	463
1754	461	463	462	464
1755	461	464	462	465
1756	461	465	462	466
1757	462	463	463	464
1758	462	466	463	467
1759	463	464	464	465
1760	463	465	464	466
1761	463	467	464	468
1762	464	465	465	466
1763	464	468	465	469
1764	465	466	466	467
1765	465	468	466	469
1766	466	467	467	468
1767	466	468	467	469
1768	466	470	467	471
1769	467	468	468	469
1770	467	470	468	471
1771	467	471	468	472
1772	468	469	469	470
1773	468	470	469	471
1774	468	472	469	473
1775	469	470	470	471
1776	469	472	470	473
1777	469	473	470	474
1778	470	471	471	472
1779	470	474	471	475
1780	471	472	472	473
1781	471	474	472	475
1782	471	475	472	476
1783	472	473	473	474
1784	472	474	473	475
1785	473	474	474	475
1786	473	476	474	477
1787	474	475	475	476
1788	474	476	475	477
1789	474	480	475	481
1790	475	476	476	477
1791	475	477	476	478
1792	475	480	476	481
1793	476	477	477	478
1794	476	511	477	512
1795	477	478	478	479
1796	477	510	478	511
1797	477	511	478	512
1798	478	479	479	480
1799	478	480	479	481
1800	478	508	479	509
1801	478	509	479	510
1802	478	510	479	511
1803	478	511	479	512
1804	479	480	480	481
1805	479	508	480	509
1806	479	509	480	510
1807	479	511	480	512
1808	480	481	481	482
1809	480	506	481	507
1810	480	507	481	508
1811	480	508	481	509
1812	481	482	482	483
1813	481	506	482	507
1814	481	507	482	508
1815	482	483	483	484
1816	482	486	483	487
1817	482	488	483	489
1818	482	505	483	506
1819	483	484	484	485
1820	483	486	484	487
1821	483	507	484	508
1822	484	485	485	486
1823	485	486	486	487
1824	486	487	487	488
1825	486	505	487	506
1826	487	488	488	489
1827	488	489	489	490
1828	488	490	489	491
1829	489	490	490	491
1830	489	491	490	492
1831	490	491	491	492
1832	490	492	491	493
1833	491	492	492	493
1834	492	493	493	494
1835	492	498	493	499
1836	492	499	493	500
1837	493	494	494	495
1838	493	498	494	499
1839	493	499	494	500
1840	493	500	494	501
1841	493	501	494	502
1842	494	495	495	496
1843	494	498	495	499
1844	495	496	496	497
1845	495	497	496	498
1846	496	497	497	498
1847	497	498	498	499
1848	497	499	498	500
1849	498	499	499	500
1850	499	500	500	501
1851	500	501	501	502
1852	501	502	502	503
1853	502	503	503	504
1854	502	504	503	505
1855	503	504	504	505
1856	503	505	504	506
1857	503	506	504	507
1858	504	505	505	506
1859	505	506	506	507
1860	506	507	507	508
1861	507	508	508	509
1862	508	509	509	510
1863	509	510	510	511
1864	509	511	510	512
1865	510	511	511	512
1866	511	512	512	513
