# No minimum fragment length specified; using L=4.
# No bin width specified; using bin width=1.0.
# RASPP took 75.86 secs
# RASPP found 1026 results
# RASPP found 32 unique (<E>,<m>) points
# RASPP curve took 0.23 secs
# <E>	<m>	crossover points
4.0000	12.0000	5 9 16 27 39 69 
4.0000	13.0000	5 9 16 27 39 507 
4.0000	14.0000	5 9 16 27 49 507 
8.0000	15.0000	5 9 16 27 69 507 
9.0000	16.0000	5 9 16 27 39 468 
9.0000	17.0000	5 9 16 27 49 468 
11.0000	18.5000	6 11 26 42 457 478 
11.0000	19.0000	5 9 16 27 49 457 
14.0000	22.5000	7 16 32 422 448 468 
14.0000	23.5000	7 16 42 422 448 468 
14.0000	24.0000	6 11 26 49 422 441 
19.0000	29.5000	9 27 335 368 422 457 
16.0000	30.5000	7 16 29 335 363 457 
15.0000	31.5000	5 9 16 27 39 335 
15.0000	32.5000	5 9 16 27 49 335 
17.0000	33.0000	5 9 16 27 49 314 
19.0000	34.0000	5 9 16 27 84 335 
19.0000	35.5000	6 11 26 39 116 335 
21.0000	36.0000	6 11 26 39 116 314 
24.0000	40.1875	5 9 16 27 39 274 
24.0000	41.7188	5 9 16 27 274 335 
24.0000	42.5000	5 9 16 32 274 335 
24.0000	43.2500	5 9 16 49 274 335 
25.0000	44.5000	9 39 274 335 368 457 
25.0000	45.2500	9 49 274 335 368 457 
27.0000	46.4062	9 42 262 335 368 457 
28.0000	47.2188	10 49 259 335 382 457 
32.0000	48.6250	8 18 155 259 335 368 
32.0000	49.9375	12 49 155 259 335 457 
32.0000	50.1562	16 69 168 259 335 457 
34.0000	51.5938	27 125 219 259 335 457 
36.0000	52.0000	27 125 219 274 335 457 
