# No bin width specified; using bin width=1.0.
# RASPP took 5.52 secs
# RASPP found 795 results
# RASPP found 13 unique (<E>,<m>) points
# RASPP curve took 6.14 secs
# <E>	<m>	crossover points
54.3333	57.7336	21 35 54 69 94 117 146 
52.8889	63.6798	36 54 69 94 121 146 169 
50.5556	67.0367	21 33 47 125 146 168 186 
51.0000	68.0870	21 33 47 125 146 168 191 
53.1111	69.1280	21 34 51 121 143 168 191 
54.0000	69.8230	21 34 52 121 146 169 194 
56.4444	71.2772	42 69 94 121 148 175 192 
57.5556	71.8785	21 42 69 94 121 169 192 
59.0000	72.7500	42 65 121 140 168 192 253 
63.1111	74.1602	42 65 121 140 168 191 241 
63.2222	74.7631	42 69 121 146 169 192 241 
66.5556	75.9380	21 42 69 121 169 192 240 
76.0000	76.7653	35 65 94 133 175 205 240 
