# No bin width specified; using bin width=1.0.
# RASPP took 5.57 secs
# RASPP found 795 results
# RASPP found 11 unique (<E>,<m>) points
# RASPP curve took 6.81 secs
# <E>	<m>	crossover points
260.1111	67.0169	21 33 47 125 146 166 186 
261.1111	68.2681	21 42 121 135 159 175 192 
269.0000	69.2736	21 35 51 121 140 166 192 
276.4444	70.0639	21 36 54 121 146 169 194 
288.7778	71.2772	42 69 94 121 148 175 192 
299.2222	72.2692	21 42 69 94 121 166 194 
316.3333	73.0692	42 65 121 140 166 195 253 
330.4444	74.2300	42 65 121 140 166 192 241 
345.0000	75.6546	42 69 94 121 166 192 241 
354.1111	76.0803	21 42 69 121 166 194 240 
441.8889	77.0294	26 53 84 121 169 205 238 
