# Fields are number, contacting residues i & j (in library coordinates), and residues i & j (in PDB coordinates)
# n	i	j	pdbi	pdbj
0	0	1	26	27
1	0	2	26	28
2	0	32	26	58
3	0	261	26	289
4	1	2	27	28
5	1	3	27	29
6	1	4	27	30
7	1	32	27	58
8	2	3	28	29
9	2	4	28	30
10	2	5	28	31
11	2	257	28	285
12	2	261	28	289
13	3	4	29	30
14	3	5	29	31
15	3	6	29	32
16	3	7	29	33
17	3	20	29	46
18	3	257	29	285
19	3	258	29	286
20	3	261	29	289
21	4	5	30	31
22	4	6	30	32
23	4	7	30	33
24	4	20	30	46
25	4	32	30	58
26	4	33	30	59
27	4	34	30	60
28	5	6	31	32
29	6	7	32	33
30	6	8	32	34
31	6	9	32	35
32	6	10	32	36
33	6	250	32	278
34	6	253	32	281
35	6	254	32	282
36	6	257	32	285
37	7	8	33	34
38	7	9	33	35
39	7	10	33	36
40	7	18	33	44
41	7	20	33	46
42	7	34	33	60
43	7	254	33	282
44	8	9	34	35
45	8	10	34	36
46	8	11	34	37
47	8	12	34	38
48	9	10	35	36
49	9	11	35	37
50	9	12	35	38
51	9	13	35	39
52	10	11	36	37
53	10	12	36	38
54	10	13	36	39
55	10	14	36	40
56	10	250	36	278
57	10	254	36	282
58	11	12	37	38
59	11	17	37	43
60	11	18	37	44
61	11	34	37	60
62	11	35	37	61
63	12	13	38	39
64	13	14	39	40
65	13	250	39	278
66	14	15	40	41
67	14	16	40	42
68	14	237	40	265
69	14	240	40	268
70	14	242	40	270
71	14	246	40	274
72	14	247	40	275
73	14	250	40	278
74	15	16	41	42
75	16	17	42	43
76	16	237	42	265
77	16	238	42	266
78	16	239	42	267
79	16	240	42	268
80	17	18	43	44
81	17	35	43	61
82	17	38	43	64
83	17	39	43	65
84	17	40	43	66
85	17	237	43	265
86	17	238	43	266
87	18	19	44	45
88	18	35	44	61
89	18	40	44	66
90	18	235	44	263
91	18	237	44	265
92	18	254	44	282
93	19	20	45	46
94	19	35	45	61
95	19	40	45	66
96	19	157	45	183
97	20	21	46	47
98	20	22	46	48
99	20	32	46	58
100	20	33	46	59
101	20	34	46	60
102	20	233	46	261
103	20	235	46	263
104	20	254	46	282
105	20	258	46	286
106	21	22	47	48
107	21	30	47	56
108	21	33	47	59
109	21	36	47	62
110	21	157	47	183
111	21	158	47	184
112	21	161	47	187
113	21	234	47	262
114	22	23	48	49
115	22	31	48	57
116	22	32	48	58
117	22	231	48	259
118	22	233	48	261
119	22	258	48	286
120	23	24	49	50
121	23	28	49	54
122	23	30	49	56
123	23	161	49	187
124	23	162	49	188
125	23	165	49	191
126	23	232	49	260
127	24	25	50	51
128	24	26	50	52
129	24	27	50	53
130	24	29	50	55
131	24	31	50	57
132	25	26	51	52
133	25	165	51	191
134	25	169	51	195
135	25	229	51	257
136	25	230	51	258
137	25	231	51	259
138	25	232	51	260
139	26	27	52	53
140	26	165	52	191
141	27	28	53	54
142	27	29	53	55
143	27	165	53	191
144	28	29	54	55
145	28	165	54	191
146	29	30	55	56
147	29	31	55	57
148	30	31	56	57
149	30	32	56	58
150	30	33	56	59
151	30	158	56	184
152	31	32	57	58
153	31	231	57	259
154	32	33	58	59
155	33	34	59	60
156	33	36	59	62
157	34	35	60	61
158	34	36	60	62
159	35	36	61	62
160	35	38	61	64
161	36	37	62	63
162	36	157	62	183
163	36	158	62	184
164	37	38	63	64
165	37	156	63	182
166	37	158	63	184
167	38	39	64	65
168	38	40	64	66
169	38	156	64	182
170	39	40	65	66
171	39	133	65	159
172	39	135	65	161
173	39	151	65	177
174	39	154	65	180
175	39	155	65	181
176	39	156	65	182
177	40	41	66	67
178	40	154	66	180
179	40	157	66	183
180	40	236	66	264
181	40	237	66	265
182	40	238	66	266
183	41	42	67	68
184	41	43	67	69
185	41	146	67	172
186	41	154	67	180
187	41	216	67	243
188	41	238	67	266
189	42	43	68	69
190	42	45	68	71
191	42	46	68	72
192	42	49	68	75
193	42	134	68	160
194	42	135	68	161
195	42	136	68	162
196	42	153	68	179
197	42	154	68	180
198	42	155	68	181
199	42	160	68	186
200	42	236	68	264
201	43	44	69	70
202	43	45	69	71
203	43	46	69	72
204	43	143	69	169
205	43	144	69	170
206	43	210	69	236
207	43	211	69	237
208	43	212	69	238
209	43	216	69	243
210	43	217	69	244
211	43	218	69	245
212	43	236	69	264
213	44	45	70	71
214	44	46	70	72
215	44	47	70	73
216	44	104	70	130
217	44	106	70	132
218	44	140	70	166
219	44	208	70	234
220	44	210	70	236
221	45	46	71	72
222	45	47	71	73
223	45	160	71	186
224	45	208	71	234
225	45	209	71	235
226	45	220	71	247
227	45	236	71	264
228	46	47	72	73
229	46	48	72	74
230	46	49	72	75
231	46	50	72	76
232	46	109	72	135
233	46	113	72	139
234	46	122	72	148
235	46	136	72	162
236	46	140	72	166
237	46	143	72	169
238	47	48	73	74
239	47	50	73	76
240	47	100	73	126
241	47	101	73	127
242	47	104	73	130
243	47	105	73	131
244	47	106	73	132
245	47	109	73	135
246	47	140	73	166
247	47	208	73	234
248	48	49	74	75
249	48	101	74	127
250	48	164	74	190
251	48	181	74	207
252	48	185	74	211
253	48	208	74	234
254	48	220	74	247
255	49	50	75	76
256	49	52	75	78
257	49	122	75	148
258	49	126	75	152
259	49	134	75	160
260	49	160	75	186
261	49	163	75	189
262	49	167	75	193
263	50	51	76	77
264	50	52	76	78
265	50	53	76	79
266	50	54	76	80
267	50	109	76	135
268	50	112	76	138
269	50	113	76	139
270	50	116	76	142
271	50	122	76	148
272	51	52	77	78
273	51	53	77	79
274	51	54	77	80
275	51	55	77	81
276	51	97	77	123
277	51	101	77	127
278	51	112	77	138
279	51	181	77	207
280	51	184	77	210
281	52	53	78	79
282	52	125	78	151
283	53	54	79	80
284	53	56	79	82
285	53	116	79	142
286	53	122	79	148
287	53	125	79	151
288	54	55	80	81
289	54	56	80	82
290	54	57	80	83
291	54	58	80	84
292	54	93	80	119
293	54	97	80	123
294	54	112	80	138
295	54	116	80	142
296	55	56	81	82
297	55	57	81	83
298	55	58	81	84
299	55	173	81	199
300	55	177	81	203
301	55	180	81	206
302	55	181	81	207
303	55	184	81	210
304	56	57	82	83
305	56	58	82	84
306	56	59	82	85
307	56	125	82	151
308	56	173	82	199
309	57	58	83	84
310	57	60	83	86
311	57	62	83	88
312	57	63	83	89
313	57	116	83	142
314	58	59	84	85
315	58	60	84	86
316	58	63	84	89
317	58	64	84	90
318	58	65	84	91
319	59	60	85	86
320	59	173	85	199
321	59	174	85	200
322	59	177	85	203
323	60	61	86	87
324	60	62	86	88
325	61	62	87	88
326	62	63	88	89
327	63	64	89	90
328	63	67	89	93
329	63	93	89	119
330	63	115	89	141
331	64	65	90	91
332	64	66	90	92
333	64	67	90	93
334	65	66	91	92
335	65	93	91	119
336	65	94	91	120
337	66	67	92	93
338	66	92	92	118
339	66	94	92	120
340	67	68	93	94
341	67	69	93	95
342	67	92	93	118
343	67	93	93	119
344	67	115	93	141
345	68	69	94	95
346	68	70	94	96
347	68	89	94	115
348	68	90	94	116
349	68	91	94	117
350	68	92	94	118
351	69	70	95	96
352	69	90	95	116
353	69	93	95	119
354	69	96	95	122
355	69	115	95	141
356	70	71	96	97
357	70	89	96	115
358	71	72	97	98
359	71	75	97	101
360	71	76	97	102
361	71	83	97	109
362	71	86	97	112
363	71	87	97	113
364	71	90	97	116
365	71	91	97	117
366	71	111	97	137
367	72	73	98	99
368	72	74	98	100
369	72	75	98	101
370	72	87	98	113
371	73	74	99	100
372	73	75	99	101
373	73	76	99	102
374	73	87	99	113
375	74	75	100	101
376	75	76	101	102
377	75	107	101	133
378	76	77	102	103
379	76	83	102	109
380	76	84	102	110
381	76	87	102	113
382	76	107	102	133
383	77	78	103	104
384	77	80	103	106
385	77	106	103	132
386	77	107	103	133
387	77	110	103	136
388	78	79	104	105
389	78	80	104	106
390	78	106	104	132
391	78	141	104	167
392	79	80	105	106
393	79	81	105	107
394	79	103	105	129
395	79	104	105	130
396	79	106	105	132
397	79	190	105	216
398	80	81	106	107
399	80	83	106	109
400	80	84	106	110
401	80	105	106	131
402	80	106	106	132
403	80	107	106	133
404	81	82	107	108
405	81	84	107	110
406	81	85	107	111
407	81	103	107	129
408	81	105	107	131
409	82	83	108	109
410	82	86	108	112
411	82	91	108	117
412	82	99	108	125
413	82	103	108	129
414	82	105	108	131
415	83	84	109	110
416	83	85	109	111
417	83	91	109	117
418	83	96	109	122
419	83	105	109	131
420	83	107	109	133
421	83	108	109	134
422	84	85	110	111
423	85	86	111	112
424	86	87	112	113
425	86	91	112	117
426	87	88	113	114
427	88	89	114	115
428	89	90	115	116
429	90	91	116	117
430	91	92	117	118
431	91	95	117	121
432	91	96	117	122
433	91	99	117	125
434	92	93	118	119
435	92	94	118	120
436	92	95	118	121
437	92	96	118	122
438	93	94	119	120
439	93	96	119	122
440	93	112	119	138
441	94	95	120	121
442	94	184	120	210
443	95	96	121	122
444	95	98	121	124
445	96	97	122	123
446	96	99	122	125
447	96	108	122	134
448	96	111	122	137
449	96	112	122	138
450	97	98	123	124
451	97	100	123	126
452	97	112	123	138
453	97	184	123	210
454	98	99	124	125
455	98	102	124	128
456	98	184	124	210
457	99	100	125	126
458	99	103	125	129
459	99	105	125	131
460	99	108	125	134
461	100	101	126	127
462	100	104	126	130
463	100	105	126	131
464	100	108	126	134
465	101	102	127	128
466	101	181	127	207
467	101	184	127	210
468	101	185	127	211
469	101	208	127	234
470	102	103	128	129
471	102	184	128	210
472	102	187	128	213
473	102	188	128	214
474	103	104	129	130
475	103	105	129	131
476	103	189	129	215
477	103	190	129	216
478	104	105	130	131
479	104	190	130	216
480	104	208	130	234
481	105	106	131	132
482	105	107	131	133
483	105	108	131	134
484	106	107	132	133
485	106	140	132	166
486	107	108	133	134
487	107	109	133	135
488	107	111	133	137
489	108	109	134	135
490	108	112	134	138
491	109	110	135	136
492	110	111	136	137
493	110	113	136	139
494	110	114	136	140
495	110	139	136	165
496	110	140	136	166
497	111	112	137	138
498	111	114	137	140
499	112	113	138	139
500	112	114	138	140
501	112	115	138	141
502	113	114	139	140
503	113	116	139	142
504	113	118	139	144
505	113	136	139	162
506	113	139	139	165
507	114	115	140	141
508	114	139	140	165
509	115	116	141	142
510	116	117	142	143
511	116	121	142	147
512	116	122	142	148
513	117	118	143	144
514	117	121	143	147
515	118	119	144	145
516	118	120	144	146
517	118	139	144	165
518	119	120	145	146
519	119	123	145	149
520	119	136	145	162
521	119	137	145	163
522	119	138	145	164
523	119	139	145	165
524	120	121	146	147
525	120	123	146	149
526	121	122	147	148
527	121	124	147	150
528	122	123	148	149
529	122	124	148	150
530	122	125	148	151
531	122	126	148	152
532	122	136	148	162
533	123	124	149	150
534	123	126	149	152
535	123	135	149	161
536	123	136	149	162
537	124	125	150	151
538	124	126	150	152
539	124	127	150	153
540	124	128	150	154
541	125	126	151	152
542	125	128	151	154
543	125	129	151	155
544	126	127	152	153
545	126	128	152	154
546	126	129	152	155
547	126	131	152	157
548	126	134	152	160
549	127	128	153	154
550	127	131	153	157
551	127	132	153	158
552	128	129	154	155
553	129	130	155	156
554	129	163	155	189
555	129	166	155	192
556	129	167	155	193
557	129	172	155	198
558	130	131	156	157
559	130	132	156	158
560	130	166	156	192
561	131	132	157	158
562	131	133	157	159
563	131	134	157	160
564	131	159	157	185
565	131	163	157	189
566	132	133	158	159
567	133	134	159	160
568	133	156	159	182
569	133	159	159	185
570	134	135	160	161
571	134	155	160	181
572	134	159	160	185
573	135	136	161	162
574	135	137	161	163
575	135	151	161	177
576	135	152	161	178
577	135	153	161	179
578	135	154	161	180
579	136	137	162	163
580	136	143	162	169
581	136	153	162	179
582	137	138	163	164
583	137	152	163	178
584	137	153	163	179
585	138	139	164	165
586	138	142	164	168
587	138	143	164	169
588	138	145	164	171
589	138	150	164	176
590	138	152	164	178
591	138	153	164	179
592	139	140	165	166
593	139	142	165	168
594	139	143	165	169
595	140	141	166	167
596	140	142	166	168
597	140	143	166	169
598	140	144	166	170
599	141	142	167	168
600	141	144	167	170
601	142	143	168	169
602	142	144	168	170
603	143	144	169	170
604	143	153	169	179
605	144	145	170	171
606	144	212	170	238
607	145	146	171	172
608	145	147	171	173
609	145	152	171	178
610	145	213	171	240
611	146	147	172	173
612	146	148	172	174
613	146	213	172	240
614	146	214	172	241
615	146	216	172	243
616	146	238	172	266
617	147	148	173	174
618	147	150	173	176
619	147	152	173	178
620	147	214	173	241
621	148	149	174	175
622	148	214	174	241
623	149	150	175	176
624	150	151	176	177
625	150	152	176	178
626	151	152	177	178
627	151	154	177	180
628	152	153	178	179
629	152	154	178	180
630	153	154	179	180
631	154	155	180	181
632	155	156	181	182
633	155	159	181	185
634	155	160	181	186
635	155	236	181	264
636	156	157	182	183
637	156	159	182	185
638	157	158	183	184
639	157	234	183	262
640	158	159	184	185
641	158	161	184	187
642	158	162	184	188
643	159	160	185	186
644	159	162	185	188
645	159	163	185	189
646	160	161	186	187
647	160	163	186	189
648	160	220	186	247
649	160	234	186	262
650	160	236	186	264
651	161	162	187	188
652	161	232	187	260
653	161	234	187	262
654	162	163	188	189
655	162	165	188	191
656	163	164	189	190
657	163	166	189	192
658	163	167	189	193
659	164	165	190	191
660	164	166	190	192
661	164	167	190	193
662	164	168	190	194
663	164	185	190	211
664	164	220	190	247
665	164	232	190	260
666	165	166	191	192
667	165	169	191	195
668	165	232	191	260
669	166	167	192	193
670	166	170	192	196
671	167	168	193	194
672	167	172	193	198
673	167	181	193	207
674	168	169	194	195
675	168	178	194	204
676	168	181	194	207
677	168	182	194	208
678	168	222	194	249
679	169	170	195	196
680	169	178	195	204
681	170	171	196	197
682	170	178	196	204
683	171	172	197	198
684	171	178	197	204
685	172	173	198	199
686	173	174	199	200
687	173	177	199	203
688	173	178	199	204
689	174	175	200	201
690	174	176	200	202
691	174	177	200	203
692	174	178	200	204
693	175	176	201	202
694	175	177	201	203
695	175	178	201	204
696	176	177	202	203
697	177	178	203	204
698	177	179	203	205
699	177	180	203	206
700	178	179	204	205
701	178	181	204	207
702	178	182	204	208
703	179	180	205	206
704	179	182	205	208
705	179	183	205	209
706	180	181	206	207
707	180	183	206	209
708	180	184	206	210
709	181	182	207	208
710	181	183	207	209
711	181	184	207	210
712	182	183	208	209
713	182	185	208	211
714	182	204	208	230
715	183	184	209	210
716	183	186	209	212
717	184	185	210	211
718	184	187	210	213
719	185	186	211	212
720	185	187	211	213
721	185	206	211	232
722	185	207	211	233
723	186	187	212	213
724	186	196	212	222
725	186	204	212	230
726	186	206	212	232
727	187	188	213	214
728	187	189	213	215
729	188	189	214	215
730	188	190	214	216
731	188	191	214	217
732	188	196	214	222
733	188	207	214	233
734	188	208	214	234
735	189	190	215	216
736	190	191	216	217
737	190	209	216	235
738	191	192	217	218
739	191	193	217	219
740	191	196	217	222
741	191	207	217	233
742	191	209	217	235
743	192	193	218	219
744	193	194	219	220
745	193	197	219	223
746	193	248	219	276
747	194	195	220	221
748	194	197	220	223
749	194	209	220	235
750	194	217	220	244
751	194	219	220	246
752	194	248	220	276
753	194	251	220	279
754	194	252	220	280
755	195	196	221	222
756	195	197	221	223
757	195	205	221	231
758	195	219	221	246
759	195	221	221	248
760	195	235	221	263
761	195	255	221	283
762	196	197	222	223
763	196	198	222	224
764	196	199	222	225
765	196	205	222	231
766	196	207	222	233
767	197	198	223	224
768	197	252	223	280
769	198	199	224	225
770	198	200	224	226
771	198	255	224	283
772	198	256	224	284
773	199	200	225	226
774	199	203	225	229
775	199	204	225	230
776	199	205	225	231
777	199	223	225	250
778	200	201	226	227
779	200	203	226	229
780	200	259	226	287
781	201	202	227	228
782	201	203	227	229
783	202	203	228	229
784	203	204	229	230
785	203	224	229	251
786	203	225	229	252
787	203	259	229	287
788	203	262	229	290
789	204	205	230	231
790	204	206	230	232
791	204	223	230	250
792	204	227	230	255
793	204	228	230	256
794	204	229	230	257
795	205	206	231	232
796	205	207	231	233
797	205	221	231	248
798	205	223	231	250
799	206	207	232	233
800	207	208	233	234
801	207	219	233	246
802	207	220	233	247
803	207	221	233	248
804	208	209	234	235
805	208	219	234	246
806	208	220	234	247
807	209	210	235	236
808	209	217	235	244
809	209	219	235	246
810	210	211	236	237
811	210	217	236	244
812	211	212	237	238
813	211	216	237	243
814	211	217	237	244
815	211	244	237	272
816	212	213	238	240
817	212	216	238	243
818	213	214	240	241
819	213	216	240	243
820	214	215	241	242
821	214	216	241	243
822	214	239	241	267
823	215	216	242	243
824	215	238	242	266
825	215	240	242	268
826	215	247	242	275
827	216	217	243	244
828	216	237	243	265
829	216	238	243	266
830	216	247	243	275
831	217	218	244	245
832	217	237	244	265
833	217	244	244	272
834	217	247	244	275
835	217	248	244	276
836	217	251	244	279
837	218	219	245	246
838	218	235	245	263
839	218	236	245	264
840	219	220	246	247
841	219	235	246	263
842	219	251	246	279
843	220	221	247	248
844	220	234	247	262
845	220	236	247	264
846	221	222	248	249
847	221	232	248	260
848	222	223	249	250
849	222	229	249	257
850	223	224	250	251
851	223	229	250	257
852	223	231	250	259
853	223	233	250	261
854	223	258	250	286
855	223	259	250	287
856	223	262	250	290
857	224	225	251	252
858	224	228	251	256
859	224	229	251	257
860	224	230	251	258
861	224	262	251	290
862	225	226	252	254
863	225	227	252	255
864	225	230	252	258
865	225	262	252	290
866	226	227	254	255
867	227	228	255	256
868	228	229	256	257
869	229	230	257	258
870	230	231	258	259
871	230	262	258	290
872	231	232	259	260
873	231	262	259	290
874	232	233	260	261
875	232	234	260	262
876	233	234	261	262
877	233	235	261	263
878	233	258	261	286
879	234	235	262	263
880	234	236	262	264
881	235	236	263	264
882	235	251	263	279
883	235	254	263	282
884	236	237	264	265
885	237	238	265	266
886	238	239	266	267
887	239	240	267	268
888	240	241	268	269
889	240	242	268	270
890	241	242	269	270
891	242	243	270	271
892	242	246	270	274
893	242	247	270	275
894	243	244	271	272
895	243	245	271	273
896	243	246	271	274
897	243	247	271	275
898	244	245	272	273
899	244	246	272	274
900	244	247	272	275
901	244	248	272	276
902	245	246	273	274
903	245	248	273	276
904	245	249	273	277
905	246	247	274	275
906	246	249	274	277
907	247	248	275	276
908	248	249	276	277
909	249	250	277	278
910	249	252	277	280
911	250	251	278	279
912	250	254	278	282
913	251	252	279	280
914	251	254	279	282
915	252	253	280	281
916	252	255	280	283
917	253	254	281	282
918	253	255	281	283
919	253	256	281	284
920	254	255	282	283
921	254	257	282	285
922	255	256	283	284
923	255	258	283	286
924	255	259	283	287
925	256	257	284	285
926	256	259	284	287
927	257	258	285	286
928	257	259	285	287
929	257	260	285	288
930	257	261	285	289
931	258	259	286	287
932	258	262	286	290
933	259	260	287	288
934	259	261	287	289
935	259	262	287	290
936	260	261	288	289
937	261	262	289	290
