# <E>	<m>	crossover points
92.6000	73.0900	21 60 84 121 210 232 245 
87.8650	74.1300	24 65 140 176 199 231 247 
81.8050	57.9050	17 33 59 73 95 115 249 
82.3850	69.9200	21 61 72 94 190 234 254 
82.8000	65.5200	13 103 173 191 210 238 252 
89.2950	67.2800	87 128 177 190 215 235 250 
83.7250	64.2650	11 27 117 183 206 221 247 
73.0250	73.6250	53 78 113 143 164 187 206 
68.9450	62.8900	19 34 51 63 89 123 166 
81.4250	72.5100	42 63 74 169 181 198 218 
81.9050	70.0150	23 44 62 72 169 235 252 
80.6250	69.7400	21 34 51 63 113 214 245 
69.1750	64.5650	21 60 71 88 115 133 166 
87.9600	70.8800	23 84 97 117 194 210 252 
73.1800	69.0800	33 117 135 159 187 214 252 
83.7000	69.5150	11 26 49 60 81 152 199 
83.1950	72.4300	17 74 92 133 161 215 235 
68.6250	49.2600	14 27 175 189 217 236 253 
93.3950	72.6950	30 91 164 199 220 231 245 
82.2350	69.3550	16 44 61 71 90 113 198 
88.3300	60.8550	22 32 54 73 207 227 245 
70.5900	64.9500	11 26 38 161 179 234 254 
75.4500	70.8200	19 30 51 130 166 199 233 
80.9900	69.7050	19 51 79 103 164 238 252 
74.4400	67.3150	15 31 113 147 180 240 253 
83.4300	70.6000	14 31 57 71 169 210 249 
82.6950	67.0250	11 29 112 192 219 233 245 
66.7700	68.9850	11 24 52 67 94 169 186 
75.2750	56.6500	116 161 186 215 227 239 254 
90.2350	73.7300	15 59 71 104 195 231 243 
73.9200	57.9300	14 29 43 81 96 127 253 
68.6150	69.8800	36 121 164 180 228 239 253 
78.5550	66.2350	22 33 47 59 88 127 240 
75.2000	75.8700	54 66 101 135 159 177 226 
70.8550	60.7900	15 27 140 166 183 234 254 
85.7700	69.2750	75 102 129 150 176 188 246 
68.8150	55.8450	26 163 190 206 223 239 253 
79.9000	69.7050	17 29 43 70 163 207 227 
85.1400	73.9900	11 28 44 81 128 159 215 
84.5300	70.9600	38 67 80 129 219 232 247 
66.0150	52.3750	19 34 51 64 75 98 123 
82.3750	69.9200	22 102 130 169 190 207 239 
86.3050	75.2150	33 72 116 140 176 196 230 
72.0600	62.2700	24 49 172 184 203 235 251 
70.0500	57.9850	11 25 35 164 203 234 247 
75.6700	74.4850	25 47 70 116 173 192 245 
77.6750	71.5600	34 50 115 175 215 229 245 
84.0900	68.8250	13 29 44 61 163 203 247 
96.4900	72.3300	15 31 89 183 209 231 244 
77.3400	71.2500	15 31 63 90 113 134 194 
79.2400	69.5650	70 92 112 173 189 209 225 
81.5400	66.9550	71 90 129 149 181 233 252 
86.4400	66.4750	14 51 64 84 194 215 240 
85.6150	72.2900	19 30 50 81 161 178 206 
64.8900	68.1650	16 34 49 67 161 177 195 
77.8550	63.3900	13 25 43 161 177 199 230 
84.8100	67.3850	23 103 125 199 220 231 254 
73.3200	54.6900	23 37 181 217 230 241 254 
81.9000	70.3450	15 80 113 146 164 179 241 
83.0450	72.3250	24 34 72 89 173 221 233 
72.4600	62.7450	16 28 47 68 113 134 246 
84.5200	69.6050	74 103 150 178 210 241 253 
84.5900	67.7550	21 81 99 123 219 239 254 
78.3150	71.8650	21 32 51 68 149 206 239 
80.5700	68.0700	16 33 123 179 195 225 239 
79.4600	71.3050	13 52 110 172 199 236 251 
89.6300	57.2400	11 27 60 191 214 227 254 
72.2200	73.0450	17 44 128 161 188 220 246 
86.9350	68.8450	16 29 54 72 173 230 251 
85.7950	72.4650	28 44 73 91 117 206 246 
67.6650	55.4650	24 37 54 72 88 101 133 
81.2150	69.8200	24 47 59 70 96 175 246 
82.2300	73.1050	24 52 66 91 172 195 225 
81.3300	58.2550	17 30 43 65 88 113 247 
86.6650	72.5150	17 31 57 67 87 170 218 
67.2800	45.6900	140 170 183 210 230 241 253 
82.9150	66.1100	15 30 47 96 218 233 253 
81.4100	70.1600	16 31 73 99 122 166 250 
79.0300	69.1750	37 62 159 199 219 239 251 
72.0700	62.5200	33 140 161 177 194 227 254 
77.0150	68.6750	24 37 130 198 219 238 250 
91.5350	71.6900	31 72 168 184 217 231 246 
71.9500	67.9050	66 117 146 166 179 195 217 
65.1150	71.2800	49 74 90 113 150 172 186 
85.6700	71.9700	13 38 90 150 203 224 234 
86.6900	69.0400	22 67 91 115 210 226 245 
63.3850	61.1050	13 26 39 55 66 115 164 
79.3650	72.3150	28 38 55 147 173 196 223 
86.2100	60.0100	99 148 177 191 214 227 251 
81.5900	66.5000	15 30 117 181 194 225 243 
66.6600	59.6100	11 25 50 62 72 122 149 
94.4550	68.6350	15 79 184 215 228 243 254 
80.4450	68.5900	17 30 113 133 177 194 246 
85.3100	69.4100	73 90 122 188 205 229 249 
76.1950	51.5950	15 27 44 73 89 236 249 
78.3450	56.3700	16 28 161 181 198 225 246 
70.7050	61.1000	23 125 150 180 221 241 254 
73.1150	70.4250	43 65 75 91 116 133 198 
67.2350	60.6400	19 44 59 70 90 130 164 
76.3750	72.8950	26 38 113 161 186 205 236 
77.9700	66.5600	32 44 59 69 84 187 254 
79.5700	68.8550	27 96 113 161 227 241 253 
92.1200	72.3750	15 28 81 110 135 214 235 
85.2150	73.8600	24 35 66 88 113 163 218 
83.1700	64.5850	84 99 117 166 210 226 240 
84.6550	58.5100	21 32 50 64 196 229 252 
81.2900	57.0350	13 25 49 69 210 228 241 
81.0000	71.7750	39 55 72 96 170 231 254 
76.9800	57.0750	110 130 161 188 205 230 244 
82.8100	70.3200	61 129 149 195 219 233 249 
83.8650	74.9700	32 79 113 148 173 228 240 
80.3950	71.0600	65 84 127 149 217 238 251 
67.4850	65.3050	21 42 60 84 112 152 172 
84.7400	65.9550	15 31 89 101 129 152 246 
80.1200	72.7750	22 68 81 103 123 186 253 
65.4650	68.7900	24 37 54 70 104 140 183 
85.8600	71.4650	27 51 64 74 98 133 223 
70.4050	59.4300	11 28 50 66 91 128 150 
88.4900	72.3000	60 101 177 205 227 240 253 
83.8900	75.6500	44 72 92 148 190 214 229 
73.6350	61.2550	26 36 62 88 99 123 159 
64.7850	61.3200	19 51 65 81 98 127 161 
77.0800	65.1150	11 26 37 59 90 150 176 
73.9350	65.5050	11 25 52 67 113 129 233 
67.2400	61.1300	15 34 161 186 229 241 254 
78.4400	74.5750	53 92 110 134 172 220 245 
75.2950	70.1500	11 34 52 68 163 205 243 
88.1050	68.6250	11 31 71 96 196 219 238 
67.6150	54.6600	13 34 173 206 223 239 251 
64.0650	56.8700	21 34 172 196 227 238 253 
83.2800	70.3500	72 97 115 140 186 232 246 
75.4100	72.2450	30 53 102 122 163 238 254 
68.0350	63.4850	11 24 35 55 91 110 169 
72.8450	72.6300	42 84 101 123 166 187 199 
71.7300	67.1000	27 47 67 97 121 135 239 
71.5400	71.2700	21 32 49 122 152 196 250 
84.8250	74.7800	32 68 95 115 140 207 235 
77.6450	71.4000	13 37 115 134 164 207 244 
77.4950	73.2200	54 65 94 134 173 226 252 
88.5100	59.1800	24 44 60 80 218 233 249 
77.5500	61.2200	14 32 47 67 91 223 235 
74.3600	71.1150	14 28 78 113 147 169 187 
81.1750	54.6100	14 26 50 73 226 236 249 
84.7450	74.1800	22 50 65 91 177 210 254 
85.1950	62.3400	23 44 61 71 194 214 247 
77.5200	60.7650	14 123 157 192 210 225 251 
80.7650	60.1250	94 112 134 175 199 229 250 
68.6700	53.2600	11 27 39 57 79 94 128 
72.2450	64.4250	19 34 50 168 192 228 250 
82.5600	68.3000	24 44 61 116 217 229 243 
83.2600	69.4350	15 28 52 65 89 115 217 
85.1500	72.2950	23 37 59 70 87 146 221 
73.4250	72.1450	17 30 67 123 149 187 243 
81.9400	64.3000	24 37 59 104 228 240 254 
78.7400	66.2250	28 122 161 191 207 233 251 
83.4100	72.9250	36 61 75 101 149 189 246 
82.4750	71.8850	31 52 75 92 152 186 207 
69.8100	63.9450	16 49 68 122 230 241 254 
71.4100	66.2200	11 28 42 65 130 238 250 
68.0250	70.2050	17 37 52 69 104 143 196 
83.3600	67.0550	80 97 123 147 190 219 234 
69.5950	58.6950	21 37 168 183 206 223 246 
78.5400	70.8250	15 36 101 123 183 233 245 
86.0200	75.8450	21 54 84 148 177 229 249 
60.0500	65.9650	52 68 92 110 130 157 173 
87.2900	70.1750	75 91 129 161 176 229 251 
80.0900	65.5750	90 121 146 166 180 192 219 
81.0950	63.6500	16 59 70 87 116 236 250 
85.3150	73.2650	52 103 177 196 219 231 243 
81.4900	73.5250	28 52 68 117 190 214 235 
72.8850	65.1500	19 103 128 164 186 207 253 
84.4050	60.6700	13 30 148 179 203 229 245 
78.3500	55.1750	13 26 36 54 66 79 223 
81.4250	65.4850	19 31 44 64 94 221 244 
82.4300	71.1050	15 33 57 135 176 217 239 
77.2650	68.3200	13 36 81 99 121 140 243 
76.7100	72.0400	66 113 135 161 187 209 235 
60.8300	49.6650	11 25 39 58 70 94 121 
81.1200	73.9300	24 36 66 90 121 143 218 
83.1550	66.9550	72 123 152 188 206 228 254 
83.3650	74.2600	11 34 52 65 87 170 234 
64.7000	54.0850	125 150 172 189 205 240 254 
75.4350	69.5000	14 36 54 97 129 175 251 
86.1900	74.2650	22 64 81 152 192 217 244 
82.0950	71.8350	26 38 53 95 173 233 245 
86.2300	67.3750	13 26 57 152 206 231 249 
90.4350	68.9500	19 54 80 97 205 229 249 
83.8200	70.8550	58 69 81 129 210 240 254 
79.9750	54.0950	15 29 39 58 194 210 230 
86.0650	58.1600	23 33 58 72 214 229 254 
83.6000	73.9150	17 49 69 90 133 198 246 
91.6550	66.1700	15 99 181 196 217 231 252 
74.5850	69.0800	11 29 39 62 79 159 192 
88.1350	65.7100	89 127 159 181 215 234 246 
87.1850	71.9850	66 87 104 130 179 206 250 
76.9750	64.1250	24 43 60 78 103 157 254 
84.2800	72.9750	24 57 110 163 187 199 224 
81.7850	72.6700	42 89 122 143 215 231 243 
85.3700	72.1150	22 33 47 91 173 227 247 
79.2700	75.1800	34 54 75 112 168 183 234 
73.3100	64.0700	17 29 42 149 217 228 240 
79.4550	60.0000	11 27 64 190 227 238 254 
91.6850	67.3950	11 73 179 191 210 234 247 
84.2350	66.5900	14 39 66 178 224 235 247 
59.6200	55.7000	23 39 54 69 96 116 134 
69.2200	55.7650	13 25 35 51 96 113 253 
86.4350	72.3000	59 72 149 188 215 238 250 
72.4500	48.2750	14 28 38 58 69 81 103 
75.4550	67.0100	33 127 161 178 194 221 246 
78.7450	65.2800	16 29 128 206 230 241 253 
74.1650	71.6400	15 53 75 95 159 178 194 
74.9050	56.9700	116 133 166 181 194 226 245 
70.6300	55.0250	121 147 172 186 210 227 246 
83.5850	73.6800	33 50 61 101 163 177 209 
67.1400	65.0450	17 30 42 146 225 238 251 
87.0050	66.8700	13 29 67 183 207 236 249 
80.6950	62.3950	19 37 64 75 92 223 244 
76.7050	69.0400	47 104 184 203 219 239 254 
85.8300	69.7350	24 101 125 192 210 227 244 
76.7250	65.8000	23 117 134 194 218 240 253 
74.1050	71.1800	22 32 50 78 115 176 192 
87.5900	73.5450	16 74 127 148 188 220 250 
87.2050	69.6350	74 143 168 190 207 226 246 
71.1600	68.7850	19 32 69 117 150 233 254 
69.8700	52.1900	16 33 55 67 81 97 123 
72.6900	57.5750	15 128 188 209 224 238 251 
71.4000	70.5350	13 25 35 67 125 157 238 
71.2850	50.5500	134 163 180 203 223 240 254 
75.9750	72.6150	21 95 113 134 169 209 240 
75.0500	73.9800	19 49 94 115 146 173 229 
81.7950	67.3400	19 33 49 66 80 96 209 
79.6700	68.3900	17 29 39 103 181 230 253 
79.9350	69.9350	11 27 58 113 130 184 251 
82.8050	76.3150	25 37 69 113 173 220 251 
84.9850	69.0300	51 69 180 194 210 225 251 
72.1050	60.8400	16 34 67 95 113 240 253 
81.2500	70.7350	71 116 149 183 214 235 250 
86.7000	65.2950	61 72 179 199 226 238 252 
85.2700	64.7950	88 99 122 166 218 234 249 
80.3050	70.9150	14 26 71 102 123 143 206 
69.2000	63.4150	15 29 52 71 98 148 170 
86.1150	69.3500	22 50 61 81 96 190 218 
73.3350	73.9900	21 43 67 92 166 180 239 
82.4050	73.4700	26 71 130 166 184 199 238 
85.6300	67.1150	11 32 50 84 102 223 235 
78.4300	55.0850	17 37 58 195 214 233 250 
71.4150	50.1750	133 159 176 188 206 235 251 
65.0600	63.2150	30 47 63 95 125 147 166 
88.2700	71.8400	14 62 74 115 186 227 244 
71.7900	63.4500	11 34 58 74 110 147 173 
82.2150	67.0850	11 98 122 164 209 233 253 
88.9500	60.5350	11 30 52 64 81 221 246 
81.2150	72.7350	66 91 122 143 191 214 247 
74.2850	61.2100	34 52 69 194 218 233 254 
77.1650	62.4450	28 38 159 189 210 225 246 
75.6000	62.3050	29 135 159 179 194 226 244 
69.8100	68.9600	21 36 62 134 170 241 254 
61.3050	57.7450	23 37 52 70 96 116 146 
79.4400	66.8900	13 25 104 149 175 198 244 
74.2400	63.3350	23 35 50 91 115 135 252 
63.8950	68.7400	16 29 42 64 113 134 184 
84.8700	65.4200	11 67 81 104 219 239 252 
87.2300	67.8150	11 32 84 113 220 234 253 
74.3800	63.7400	47 168 180 192 210 230 252 
72.2950	57.4550	19 33 168 180 209 232 247 
96.3550	68.9700	13 73 179 203 219 230 245 
85.8850	69.3050	14 38 102 186 198 218 234 
88.0400	74.0050	31 78 148 168 187 214 229 
76.6300	63.4700	21 130 159 190 215 227 244 
81.5450	70.8950	19 43 96 181 194 226 239 
78.0700	66.6500	15 28 44 64 101 133 228 
86.8400	70.1450	11 25 59 71 129 225 244 
84.2350	68.4650	79 130 169 191 215 233 254 
78.0900	61.7950	99 125 146 199 226 236 251 
74.0650	68.2300	21 39 75 94 127 164 249 
67.8150	54.5350	19 30 50 73 90 112 128 
72.0750	73.4650	28 54 113 143 169 183 252 
78.8500	73.9200	22 38 72 123 161 179 251 
85.3750	65.4200	21 33 73 91 207 223 250 
75.8950	59.0450	16 29 42 60 188 240 252 
88.2750	67.4700	25 38 91 198 217 233 249 
73.3500	58.2150	16 31 49 179 228 239 254 
76.0550	54.7350	14 30 54 73 91 238 254 
79.5100	54.3450	24 34 50 66 214 230 251 
76.3750	66.7100	19 32 58 70 129 238 251 
77.6300	71.0450	35 113 147 179 194 231 250 
75.0150	70.3650	25 49 62 72 112 129 194 
86.0550	73.8600	34 78 152 177 210 225 243 
82.6550	64.1000	14 29 39 57 67 80 205 
88.1250	71.3350	25 36 61 90 103 159 230 
85.5150	70.5400	11 25 39 60 149 178 221 
79.7900	62.9300	17 30 53 71 87 110 234 
84.9750	67.9850	11 34 50 63 74 179 249 
85.1850	74.9950	26 71 117 187 199 232 249 
78.9900	68.8600	62 78 101 121 140 224 235 
66.2600	64.4300	17 33 53 67 143 240 254 
93.6200	71.8050	23 90 143 180 194 228 251 
77.9400	70.4400	11 26 44 59 90 175 188 
85.3750	74.2150	27 43 91 173 187 217 253 
82.5000	74.6400	34 66 80 125 159 215 239 
83.1300	66.7000	13 29 88 101 122 238 252 
69.9100	70.4150	30 50 113 135 168 180 196 
81.9600	76.4800	21 53 87 121 157 207 238 
67.4950	68.3400	11 33 47 62 99 123 187 
89.6000	67.6650	16 31 51 62 88 205 251 
71.3600	70.9100	42 64 80 122 140 173 253 
72.9400	71.8050	31 57 70 88 103 169 191 
91.1650	71.6500	11 27 78 148 209 232 254 
75.5400	71.3500	22 34 50 70 102 143 229 
81.1700	72.9400	23 42 59 89 101 149 199 
80.0050	64.9100	91 122 161 184 198 238 250 
74.8500	60.2450	15 27 57 67 79 96 157 
84.4600	71.2800	22 87 112 157 225 236 250 
76.0900	68.0800	16 29 51 62 89 161 183 
79.8700	69.7000	13 26 47 65 112 218 253 
73.8800	63.6500	15 35 50 69 97 116 233 
78.8700	73.3700	21 33 101 157 175 199 233 
83.4300	71.4950	23 37 96 181 224 238 250 
74.4900	68.1150	16 31 50 61 91 116 186 
73.2000	59.6750	39 61 74 94 226 238 251 
82.3800	64.4250	90 110 140 166 183 205 235 
96.2850	71.9950	15 29 60 80 173 225 246 
67.2750	53.1950	11 27 42 65 79 112 128 
80.9750	69.3950	22 37 59 69 129 229 244 
76.9350	55.6750	13 28 163 178 196 218 249 
88.9100	66.6900	17 30 58 95 207 231 252 
92.7050	70.4100	23 92 176 189 206 227 249 
85.8100	72.8100	24 94 117 143 169 207 230 
85.7000	71.4100	13 25 98 117 169 199 249 
85.9600	67.5550	11 57 91 199 226 240 253 
85.9800	70.6800	17 90 115 134 177 203 253 
74.9400	56.7350	113 143 170 186 209 230 245 
87.3050	75.5700	35 80 104 130 190 228 244 
85.0250	74.2500	23 65 103 146 214 231 253 
90.1750	72.4600	65 75 92 123 206 228 246 
66.6850	60.7800	21 32 44 70 89 102 161 
61.9650	54.2950	19 31 57 69 92 113 130 
82.6300	70.1650	11 72 96 121 150 198 236 
80.4700	63.4950	27 38 54 65 188 207 229 
71.1850	68.8250	19 33 51 87 140 170 183 
77.2100	61.6700	21 32 53 180 220 240 252 
83.2150	59.2600	103 129 180 198 223 233 251 
73.8600	69.7550	11 43 62 78 121 146 233 
73.3450	46.6000	13 27 44 58 69 238 251 
82.8300	71.5950	49 97 181 203 227 243 254 
84.6350	74.3600	23 50 64 96 175 227 245 
70.6400	57.7900	14 31 49 64 78 94 135 
69.1800	56.9100	24 36 59 81 98 121 140 
87.1800	76.6650	17 32 68 97 173 199 225 
70.0850	53.5850	21 33 47 59 84 110 129 
91.3000	74.8600	22 73 103 175 209 225 250 
68.7450	64.3750	16 29 39 55 66 94 176 
65.8050	55.0300	23 34 51 68 80 110 135 
76.7750	55.5800	123 149 180 192 220 231 246 
77.2250	72.8000	55 78 92 112 161 183 199 
82.7400	63.6100	94 110 161 178 199 226 240 
86.5600	74.3400	15 58 97 121 152 221 247 
73.9900	54.9850	14 27 169 187 199 224 238 
80.7450	68.4100	14 54 65 79 176 236 253 
78.4600	68.5800	11 28 74 97 115 164 196 
91.9400	71.5300	16 59 102 186 214 230 245 
72.9900	74.9700	23 43 63 103 125 168 210 
78.1150	69.1600	29 44 129 203 219 233 254 
71.7150	50.0850	17 163 178 192 217 232 251 
82.6600	73.7850	58 96 116 178 220 235 254 
74.9400	61.5200	14 32 148 207 223 235 252 
81.1150	68.3400	13 26 96 121 150 180 247 
75.5850	55.6150	127 152 175 188 215 228 251 
75.3100	55.5200	11 134 180 196 221 233 250 
69.7250	64.0450	11 33 49 62 72 92 170 
73.7300	58.9300	16 34 53 183 219 234 254 
78.7450	64.0050	13 25 47 91 103 128 246 
78.3850	74.7350	23 47 92 146 175 188 244 
80.0700	66.1250	16 98 123 187 228 241 253 
96.7400	69.9500	11 25 84 179 196 230 251 
75.5200	68.5900	24 38 112 140 223 234 247 
77.0650	74.7100	26 39 54 70 133 196 243 
85.6250	72.2400	31 52 94 173 205 220 232 
75.3400	61.9900	91 122 149 176 189 240 253 
69.6750	49.7450	140 169 183 195 221 240 254 
82.9900	63.6850	11 31 50 61 181 239 251 
80.0000	72.4800	24 62 102 122 161 176 198 
77.6050	75.8550	51 78 128 148 175 191 246 
80.6950	71.5300	11 25 57 125 183 195 218 
74.2650	74.2800	36 95 117 140 184 207 223 
85.0150	74.9100	36 80 128 152 173 198 245 
86.2650	74.8200	24 61 73 101 125 192 234 
87.9400	64.9400	21 31 78 196 223 233 249 
71.5000	68.2050	42 66 168 190 210 238 254 
85.0200	67.6850	14 26 43 61 148 227 247 
76.8550	70.7550	19 30 73 117 166 238 251 
85.7450	75.7450	34 62 87 127 192 221 232 
82.7500	59.4950	15 27 42 59 188 225 244 
74.3600	68.2100	52 69 81 101 157 239 252 
91.4150	70.4900	26 88 112 179 228 239 253 
85.4350	72.9050	14 26 68 129 188 228 249 
86.2100	73.5100	14 36 96 159 219 230 253 
72.7250	67.2300	15 30 55 67 90 148 189 
88.2150	70.4200	26 42 79 175 198 218 232 
84.4400	70.4100	15 27 68 80 173 186 236 
87.8850	70.4050	61 73 89 184 206 235 253 
84.8050	72.4950	22 67 135 198 223 233 250 
85.7750	73.1600	55 70 92 186 199 220 247 
78.8600	68.9250	43 59 89 110 130 163 249 
69.8150	70.0600	22 39 94 115 130 172 253 
72.4200	66.2550	22 32 125 173 220 234 249 
74.8900	71.3900	55 130 159 184 209 225 240 
69.5800	62.3800	49 164 178 198 225 235 251 
81.0950	64.9200	13 31 47 103 217 235 250 
79.2950	67.7100	15 27 113 148 173 205 245 
78.7000	62.4200	91 127 150 194 217 238 251 
68.1700	52.9500	19 34 181 195 219 233 254 
75.8550	66.5300	11 29 39 146 205 226 251 
73.7750	67.5750	22 32 122 147 173 214 239 
82.6350	60.9250	21 34 61 71 199 224 238 
83.7450	68.0300	73 102 133 173 186 207 235 
82.7500	74.5950	35 92 147 186 205 224 238 
77.9750	56.2400	23 42 57 70 214 228 243 
85.9050	65.7200	88 113 190 206 225 238 254 
87.2350	66.2050	14 29 42 66 181 214 229 
74.1700	66.8850	42 58 68 84 97 123 233 
73.8900	72.3150	19 57 117 140 173 236 252 
80.9250	71.0300	32 94 169 187 207 223 239 
78.3250	70.8400	23 44 78 127 163 178 252 
87.6650	72.2250	11 25 72 122 180 198 223 
75.2800	66.1700	11 32 79 96 128 161 180 
80.1200	75.1700	16 30 67 127 175 210 235 
64.6950	69.8850	16 34 49 122 148 169 235 
72.0950	68.9450	34 52 75 134 159 175 253 
76.4050	68.5650	11 28 47 113 192 209 251 
78.1900	66.8800	11 29 50 71 122 232 253 
78.6800	67.3350	74 96 121 135 225 236 254 
89.5700	71.1200	15 28 89 113 134 217 240 
88.7250	70.7650	64 102 180 195 214 227 247 
84.4700	67.3850	25 101 128 198 225 241 253 
71.8500	67.7400	24 42 55 123 230 241 253 
75.9950	65.5900	79 103 123 146 168 235 251 
80.6550	67.3100	84 102 130 172 188 238 253 
87.3350	66.9900	79 152 180 192 215 236 250 
76.0000	58.4600	103 130 152 206 221 233 254 
73.8800	66.7250	19 31 43 147 210 234 250 
84.4250	71.1700	62 73 94 123 146 205 247 
77.6800	56.2050	17 32 49 67 215 236 249 
65.5850	52.3300	11 25 39 62 73 89 127 
83.9300	66.5150	13 38 62 80 103 130 240 
83.0650	73.6150	49 79 96 140 161 179 230 
83.3950	72.8300	15 32 53 70 163 230 247 
85.7400	71.3500	24 34 60 74 110 172 249 
74.1300	71.4750	11 32 44 59 115 161 196 
71.2100	63.1550	17 43 67 90 134 157 252 
82.1850	68.1050	24 36 55 67 81 122 231 
79.9050	70.3550	13 25 50 74 110 128 217 
81.1600	75.5850	50 63 78 116 140 183 229 
72.6000	53.5100	123 143 187 217 230 241 253 
81.6300	70.0950	70 84 101 128 163 188 227 
86.3950	74.5200	29 59 103 175 188 214 243 
75.5900	57.2200	14 30 63 74 92 123 254 
72.3050	73.6400	34 51 101 157 192 240 254 
78.3450	69.2300	14 35 113 129 157 178 232 
73.9650	66.7550	19 30 47 63 74 91 183 
82.5250	72.1250	19 34 60 73 121 188 240 
66.3000	70.2450	50 130 159 175 191 217 244 
66.4900	66.8400	22 34 51 70 95 161 177 
87.7650	72.9250	17 81 157 188 224 238 253 
89.4500	66.2400	11 27 75 190 224 235 251 
81.4750	68.6850	16 30 47 62 98 210 254 
67.5750	68.0550	36 121 150 209 224 240 252 
75.5000	62.7700	92 130 161 184 196 240 254 
67.2750	70.3500	21 52 72 103 123 146 194 
71.1350	47.0500	11 170 183 196 219 235 247 
82.7250	76.6300	21 53 78 92 163 210 251 
85.9300	63.7450	11 27 72 89 112 230 254 
86.2550	75.2950	57 84 115 148 196 234 249 
89.2100	77.0650	29 47 67 88 113 177 219 
70.3450	72.4450	51 130 166 181 225 235 250 
72.5300	73.6550	13 38 54 71 127 192 241 
76.8700	64.5800	28 117 134 195 229 241 253 
67.0850	70.2450	53 71 87 113 140 180 194 
81.5200	69.2100	31 113 184 203 230 241 253 
77.0750	68.3300	66 152 184 196 217 238 252 
78.4200	67.8850	11 24 49 75 168 241 253 
80.9550	60.9300	17 31 43 58 181 221 253 
72.5700	60.5750	24 57 69 89 103 133 253 
85.2400	73.6400	35 55 78 135 195 221 245 
62.2550	70.8000	16 54 69 117 135 173 194 
87.5700	68.4050	23 95 168 198 219 234 247 
83.6250	73.8350	11 25 64 91 113 157 226 
85.2750	60.9700	25 54 176 198 219 230 251 
82.7950	69.1600	57 157 181 196 217 229 252 
88.4900	74.7150	30 44 63 97 176 188 229 
80.2050	72.7750	52 63 117 183 215 233 253 
87.5700	72.1350	13 75 97 128 172 209 250 
83.4300	70.9150	62 112 146 183 203 228 254 
74.4050	74.2750	47 121 159 186 206 229 252 
70.0700	61.9850	19 36 161 176 189 226 247 
88.5300	65.9400	16 28 50 74 179 231 243 
90.7200	73.8250	11 61 95 178 198 217 253 
91.8750	72.0200	14 26 62 80 169 210 225 
68.4650	61.4600	17 36 164 196 223 235 251 
79.8000	65.1300	81 96 135 161 209 241 253 
66.8300	72.6700	39 123 143 172 225 241 254 
92.4900	73.8400	15 27 61 89 159 209 250 
81.5150	73.0550	15 28 38 64 112 175 223 
81.3500	74.1200	37 73 90 104 148 219 253 
71.4500	54.6700	24 161 184 196 223 235 247 
67.6350	66.4250	14 27 51 133 152 172 223 
79.1300	75.1850	25 44 63 95 169 220 238 
66.9400	52.6450	122 150 175 194 217 241 254 
79.3600	56.8750	23 36 59 194 221 239 251 
77.9150	73.2850	15 27 49 68 101 161 207 
95.6250	69.8150	30 64 80 104 198 230 241 
79.1700	69.7500	23 74 97 115 140 169 250 
79.7250	75.2400	24 47 72 94 168 196 251 
86.6300	76.3550	36 81 96 143 170 217 228 
84.5900	68.8200	11 65 170 191 209 232 245 
82.8150	70.4700	68 102 148 186 198 225 244 
69.0050	55.9450	19 30 172 195 221 234 252 
81.9500	69.2550	64 92 115 198 221 241 253 
82.7400	58.6650	17 30 43 63 74 96 235 
75.0300	58.3250	25 42 61 72 90 115 243 
62.7000	64.3550	15 28 39 57 127 161 176 
73.4750	58.7600	15 28 49 63 80 96 152 
79.6550	69.2950	13 25 43 65 80 135 240 
85.1100	60.0600	22 36 60 190 218 240 254 
84.0100	62.6300	23 38 73 194 210 226 244 
77.0200	57.6200	14 26 159 206 226 240 253 
90.8600	68.2750	87 169 183 195 217 232 249 
89.9100	72.3300	23 36 79 104 183 205 221 
82.6500	73.9950	27 52 116 186 214 231 243 
64.4300	62.7700	33 55 78 99 121 140 170 
78.9200	64.2400	94 113 152 180 194 233 253 
88.2450	77.0550	23 60 117 164 195 232 246 
73.8450	57.0450	115 148 170 184 209 224 250 
93.5700	67.8750	26 63 89 198 225 236 253 
68.7550	53.7950	13 27 37 53 68 87 129 
57.2050	58.9450	24 34 50 69 115 134 159 
84.7700	71.3800	17 38 61 71 129 227 247 
78.1250	73.0900	69 88 150 170 186 240 252 
82.2500	72.3700	33 78 95 128 169 184 206 
62.1050	68.3250	14 29 42 134 157 184 196 
94.4150	68.4200	14 66 88 190 210 227 243 
87.8700	74.2300	21 32 58 101 135 198 224 
71.0400	70.5000	15 35 50 68 95 169 252 
83.5900	67.8600	74 91 110 146 194 230 249 
72.2200	69.3500	13 31 43 78 92 166 194 
78.8650	72.6900	21 44 65 143 187 209 229 
74.0300	68.2950	11 25 55 71 97 177 192 
74.9950	71.4200	62 116 146 175 209 235 253 
75.6150	64.7750	11 27 116 188 221 238 254 
81.0550	71.2800	62 90 122 150 175 233 251 
85.0400	63.1450	16 35 54 79 209 225 243 
68.4400	71.5800	23 53 68 102 159 180 192 
88.9900	71.6600	28 47 61 134 203 230 243 
81.0500	66.7150	17 99 123 157 194 224 246 
91.2400	65.8850	19 37 79 96 206 230 250 
84.6150	71.1050	27 51 65 122 207 226 247 
85.0750	52.1600	11 28 43 61 74 228 245 
82.4750	69.0100	11 50 78 95 135 230 241 
69.8250	65.6700	21 52 63 79 103 148 172 
92.2050	70.6050	22 60 73 104 214 235 253 
82.6650	71.5300	11 31 68 84 113 161 218 
84.4600	70.3900	34 79 173 199 223 234 253 
72.9750	68.7350	29 42 55 66 149 190 252 
83.4100	64.8950	94 173 187 205 221 240 252 
74.6400	69.4950	24 62 72 103 129 149 186 
84.2200	75.0700	14 36 90 117 170 218 253 
72.9550	58.4550	115 133 152 189 220 234 250 
83.5750	70.2900	28 52 64 79 143 228 243 
76.9200	73.1550	53 88 112 146 166 190 210 
74.3700	70.5800	58 143 163 178 191 241 254 
81.3900	70.9400	42 60 74 90 104 129 214 
86.4700	74.2250	30 43 58 112 186 214 236 
74.9900	67.6500	19 55 150 179 219 241 253 
80.2150	61.5850	21 32 55 67 97 229 247 
69.6450	61.9400	14 29 47 60 96 140 163 
66.4900	70.4550	39 55 97 115 143 187 241 
70.7550	62.6150	21 32 58 79 112 130 161 
81.8050	73.2400	16 52 72 103 130 194 252 
80.2200	66.3100	14 33 50 79 190 239 253 
77.8500	60.4650	11 25 135 189 218 233 252 
72.4650	73.2550	19 34 51 122 195 221 239 
76.9100	57.3750	113 134 172 198 226 239 252 
73.7700	64.8550	21 39 70 110 226 239 251 
68.4300	66.2550	23 42 147 169 183 232 245 
81.3500	66.2350	16 28 61 80 140 241 253 
83.0500	72.1000	54 88 99 133 192 215 254 
79.0450	64.4050	19 30 43 66 89 102 214 
82.6700	69.4950	67 99 123 206 227 238 251 
69.0300	73.1450	36 54 125 166 186 210 229 
77.1750	60.8050	15 28 71 88 121 241 254 
81.7050	70.7600	33 61 140 175 188 234 252 
87.7750	72.9600	22 32 60 91 172 209 243 
88.1850	74.2950	14 36 59 84 152 209 236 
82.9050	71.7200	14 31 91 110 130 163 210 
81.6200	73.3800	52 87 101 121 163 195 220 
81.6050	67.6050	11 24 36 58 87 176 254 
62.2900	64.5650	16 52 66 94 117 152 172 
65.6450	58.0200	11 25 36 62 91 117 143 
76.5000	56.4400	11 36 53 184 210 235 247 
74.6250	59.7450	30 148 189 206 221 240 253 
65.1750	69.5150	21 32 110 134 161 176 191 
88.6850	73.9050	22 81 123 163 192 225 249 
77.1650	62.2200	98 117 135 163 178 205 244 
89.9700	69.0100	23 58 99 207 228 240 253 
83.3000	60.5700	26 51 66 84 210 225 236 
77.6300	70.5100	22 32 117 140 170 206 252 
62.5200	52.5050	35 50 62 72 90 110 130 
66.4250	72.3800	44 65 123 159 175 191 217 
89.3500	70.4800	11 25 47 64 75 179 218 
85.5650	72.9400	42 60 70 98 179 206 231 
77.7800	75.5000	33 96 127 168 190 235 252 
87.1150	69.7900	16 31 101 186 220 234 247 
82.7750	72.7500	19 62 135 166 186 224 246 
82.7850	62.9950	17 35 60 71 94 221 245 
82.1300	72.1300	68 172 188 215 228 240 253 
62.7000	65.0900	21 37 55 68 94 113 172 
82.5650	64.8000	16 29 94 199 219 233 250 
79.7600	73.5600	38 78 140 161 187 214 239 
79.3200	75.7650	16 33 69 112 150 179 239 
73.9450	66.0500	17 50 65 90 130 241 254 
85.9700	67.8150	55 66 178 190 217 231 250 
69.6300	52.4800	128 164 191 207 224 234 254 
75.4700	61.4600	16 125 168 196 219 234 246 
77.8050	67.1800	13 34 49 61 122 232 252 
88.5800	67.1700	14 54 73 178 191 227 250 
84.7400	63.3150	16 110 169 181 198 228 254 
73.9150	58.0000	13 30 42 175 190 206 225 
79.2600	67.3200	78 127 168 190 227 239 252 
82.8200	67.4050	75 127 159 181 210 232 253 
68.3400	48.9500	135 170 184 196 217 239 253 
76.0350	57.7700	110 170 188 210 225 235 250 
71.8350	59.2450	19 33 150 180 205 238 252 
77.6350	67.5000	13 26 43 88 102 143 179 
76.7050	62.5150	17 36 159 179 207 230 252 
82.1700	69.2600	15 57 135 166 205 224 246 
83.0050	69.4900	65 75 157 179 227 241 253 
87.6600	67.6750	13 25 90 102 130 229 254 
77.9900	71.0600	26 47 59 96 125 159 198 
72.4200	53.7950	11 25 37 184 214 232 250 
74.9550	69.3300	66 146 172 184 198 223 235 
80.6450	73.4550	28 49 79 94 117 149 215 
77.3650	69.2100	24 36 81 148 172 190 253 
91.1650	67.4300	21 33 78 95 206 227 249 
80.9300	50.3350	13 25 36 57 74 232 247 
68.2400	51.6700	13 25 37 179 194 210 250 
63.8500	62.3550	14 28 50 69 96 121 166 
71.5400	65.8600	33 51 68 112 129 239 254 
85.4100	74.6300	21 55 87 130 205 221 238 
84.4250	70.9450	16 32 51 73 94 180 218 
76.3800	72.9450	17 54 68 103 180 241 254 
79.1000	70.1150	11 25 47 65 79 168 232 
82.9250	64.7250	19 57 70 90 196 231 253 
70.6700	66.8400	17 50 80 98 121 148 179 
89.0800	69.1650	25 55 74 90 183 228 247 
85.2250	58.7700	23 36 58 181 199 228 250 
73.2650	74.6950	52 115 135 159 186 205 233 
76.8850	66.1700	11 30 44 60 78 92 186 
87.7800	76.1850	22 52 79 157 214 233 254 
80.5600	69.7750	13 28 38 87 127 178 253 
64.0850	71.5000	28 39 54 125 148 179 192 
83.2650	67.9250	17 96 122 184 214 228 244 
66.2850	58.4300	15 33 55 69 92 128 253 
76.5900	58.5200	16 36 54 71 91 229 244 
80.1550	67.1300	19 52 96 210 228 241 253 
83.7650	70.8300	13 51 62 80 115 133 215 
89.2150	71.4100	11 57 68 81 172 218 234 
84.7950	73.2800	25 36 90 113 149 203 226 
83.1550	72.8050	61 74 101 122 166 179 238 
76.0300	74.4900	14 44 94 121 147 172 224 
70.1400	67.3700	24 34 115 135 161 183 252 
79.1750	69.0150	43 57 152 178 190 229 245 
91.8450	66.7600	11 30 43 62 80 198 246 
90.3150	63.1700	15 27 47 61 78 203 232 
72.2750	65.5000	16 37 57 71 103 143 244 
83.0850	74.3150	37 94 112 149 206 226 243 
74.7650	65.1300	14 26 87 113 134 159 253 
67.5750	69.9700	17 57 70 125 157 175 198 
81.6400	65.7700	58 94 195 214 229 241 254 
90.8200	68.8500	17 75 177 198 223 235 250 
80.5800	67.2950	24 37 61 87 102 129 178 
84.7400	73.5550	50 84 99 140 215 234 254 
82.2250	75.0750	59 95 113 149 175 196 249 
83.1350	69.9550	13 31 88 112 140 163 205 
76.8200	60.7900	14 36 58 69 194 223 235 
79.5200	73.0650	15 42 68 81 112 146 209 
78.5950	74.2950	13 55 67 91 125 176 203 
90.6700	66.3850	26 66 178 190 207 228 245 
77.1050	61.4450	34 53 177 191 218 232 254 
85.4650	67.4250	47 70 88 103 215 231 249 
82.2250	65.0700	19 30 47 64 184 206 239 
79.1050	70.8050	63 146 175 188 209 234 251 
74.6300	60.3600	22 34 70 84 101 133 252 
73.5750	68.0100	13 26 49 63 101 134 195 
71.3950	55.3650	16 33 47 60 84 98 133 
88.0800	71.0850	22 50 62 75 98 196 234 
84.5250	73.1300	67 90 125 163 195 220 250 
74.3200	69.0300	21 31 51 63 125 225 235 
84.2650	74.3650	35 61 81 149 169 191 224 
82.7100	63.1350	26 122 150 180 198 231 247 
88.3100	67.5800	84 147 173 187 206 224 239 
81.8950	71.0500	19 31 52 72 169 232 244 
79.2000	75.4200	53 69 140 186 206 230 250 
84.6650	72.2600	36 58 87 103 127 207 231 
79.7450	75.6800	19 39 73 122 166 195 226 
88.2700	70.6250	11 80 95 116 133 176 224 
72.5250	71.7000	15 49 92 116 168 241 253 
87.7200	72.2300	44 89 169 183 214 230 245 
85.7750	74.1800	11 69 116 150 177 220 251 
72.4150	63.5700	17 29 42 55 67 172 245 
84.6050	75.4050	13 58 84 113 140 169 206 
86.2050	77.8150	35 65 112 164 199 221 246 
86.9050	61.4100	13 34 90 215 227 238 252 
82.9450	61.9650	16 30 54 176 206 229 243 
76.5900	56.4650	23 33 52 184 206 231 250 
64.9550	67.9850	39 69 89 101 128 161 179 
83.7950	74.0150	11 37 69 130 176 198 238 
80.9150	69.8350	69 112 128 175 198 220 254 
81.2500	68.2400	16 30 99 191 217 233 253 
67.9700	61.8800	50 65 78 92 122 236 253 
73.0450	68.1100	11 29 43 121 221 232 251 
74.5500	69.9750	42 130 180 192 215 233 245 
69.8350	63.4850	27 42 58 72 88 116 164 
83.8050	67.8900	78 115 173 189 224 238 252 
82.7500	71.8500	22 39 65 91 181 196 247 
83.9350	72.0300	13 31 95 147 178 195 214 
84.7750	55.2700	22 35 59 199 220 231 244 
91.6150	73.8050	14 78 97 147 179 234 246 
84.9850	69.6950	15 62 147 206 229 240 253 
85.7000	70.3300	22 35 60 147 177 233 249 
75.9650	61.0350	11 25 59 81 97 121 159 
78.3950	72.4500	27 70 94 157 175 192 221 
83.4100	68.7200	13 33 73 91 116 135 230 
77.1950	58.7350	14 53 64 81 104 240 253 
79.0850	72.6350	67 97 148 175 192 227 241 
83.1650	71.6600	14 35 54 73 173 190 244 
69.2950	62.4850	16 39 166 209 225 239 252 
79.8200	62.6800	96 127 150 186 215 232 249 
84.4300	67.7850	78 102 175 188 220 236 250 
81.5850	74.2250	19 51 71 91 157 206 251 
83.2650	68.2550	15 31 112 140 176 228 250 
78.8350	70.9150	15 29 39 91 168 183 243 
84.7500	67.8200	11 33 68 177 189 220 252 
72.6000	62.5500	13 29 140 169 187 207 240 
69.3150	68.9250	21 35 101 128 168 191 207 
78.4050	71.4000	43 62 72 147 170 227 253 
76.3800	70.7950	23 37 52 64 104 183 243 
86.8500	67.7900	14 26 60 71 87 112 203 
86.7800	69.2450	23 96 157 184 210 229 245 
75.9500	64.2700	17 121 161 186 198 224 238 
78.4450	69.2100	32 44 65 150 170 218 241 
81.1100	74.3450	15 47 68 152 187 218 234 
65.7000	67.7150	25 44 60 70 125 161 187 
89.7900	73.4200	23 79 101 135 173 198 246 
73.6400	56.9800	22 147 168 194 217 230 252 
80.3100	64.3850	15 55 69 92 215 227 239 
67.5050	52.6900	17 30 172 184 207 238 253 
67.8000	62.1050	44 60 70 89 104 129 152 
83.5350	73.2700	17 31 53 64 78 168 207 
83.9000	57.6700	13 28 51 69 206 232 252 
82.3850	68.0700	27 110 173 195 221 234 252 
69.8050	53.1100	122 150 178 203 219 241 253 
89.2850	61.0700	19 37 63 74 214 229 249 
65.3650	64.2350	17 42 57 68 84 152 173 
82.5550	57.3800	11 28 53 74 97 235 252 
80.2150	64.0700	23 33 55 173 198 229 243 
68.1500	47.8800	143 164 179 191 217 236 254 
69.6950	64.9150	22 39 143 192 217 233 253 
85.3950	65.4150	11 25 35 62 173 224 250 
84.2050	70.1750	23 38 59 161 178 229 252 
94.7050	71.3000	16 79 163 177 207 231 244 
80.9450	74.6600	21 63 91 135 166 190 221 
85.3100	64.5800	94 161 187 203 219 231 245 
80.8850	66.5600	17 39 75 101 223 233 254 
94.4050	73.0650	23 75 96 166 198 228 252 
82.0000	64.8250	90 113 129 150 176 238 253 
86.5800	63.0150	11 25 44 84 210 226 239 
87.4150	66.4400	16 84 178 192 209 234 251 
86.1750	72.0150	16 36 61 87 163 183 247 
67.7050	69.5450	13 43 64 94 117 149 180 
66.8350	66.2450	73 97 115 133 152 175 194 
83.3100	69.8000	16 30 57 70 128 228 247 
68.8850	67.6900	36 135 173 187 205 225 235 
74.9850	52.4650	21 31 54 194 214 231 244 
73.7600	70.4500	44 116 183 198 223 236 251 
79.8700	75.0450	37 101 129 157 186 209 236 
81.1600	71.6300	13 71 117 150 189 229 249 
80.6250	67.0650	26 44 87 98 121 227 244 
72.0200	54.4150	13 34 177 214 227 240 253 
72.7950	70.1850	29 49 69 103 127 157 243 
86.2800	64.3350	11 27 64 75 97 221 234 
82.9000	71.2450	16 73 102 150 170 191 235 
82.8100	67.0500	14 26 64 74 161 241 254 
83.9550	65.1700	23 110 176 191 207 224 241 
82.5700	74.8000	22 54 72 88 112 146 214 
77.6600	60.8600	102 128 161 183 223 234 246 
71.2200	62.9500	23 34 150 179 209 238 253 
76.2750	68.2000	17 34 49 61 103 123 205 
76.7250	71.0000	36 62 74 113 133 157 235 
83.3650	74.2200	15 36 57 102 179 194 244 
95.9500	69.1850	21 79 181 196 215 228 251 
79.5100	72.2300	17 68 89 101 121 159 207 
79.9300	62.3200	97 117 134 161 183 227 247 
88.9450	69.3050	13 27 84 103 178 205 253 
76.5250	72.8150	13 30 44 96 127 166 209 
85.5000	70.0900	16 90 103 128 168 181 224 
75.9900	49.6200	21 32 47 61 78 95 252 
74.7450	71.4600	24 67 115 133 159 236 252 
90.1900	65.9500	15 31 47 81 196 226 244 
74.8050	71.8650	21 34 53 72 94 148 214 
86.0950	73.4950	60 71 90 103 173 191 221 
73.4450	75.7200	54 95 133 175 187 241 254 
84.0300	65.2400	13 25 36 60 87 130 236 
75.4850	66.5050	19 34 50 62 74 175 254 
88.4300	70.2050	14 29 58 75 92 122 230 
71.6850	46.2300	149 177 192 209 225 238 250 
74.5950	68.6500	32 69 98 123 148 238 250 
89.9200	74.2800	16 55 78 102 194 224 234 
74.6100	71.7400	19 49 74 99 117 179 195 
92.0950	71.0950	13 87 98 123 198 234 249 
67.9650	53.2600	22 36 180 205 223 234 254 
86.3450	72.8900	51 81 134 164 180 198 223 
80.9950	73.3850	57 117 183 207 224 234 247 
76.9900	69.2150	13 25 37 55 78 173 188 
83.0950	63.9750	19 35 63 73 96 220 239 
72.8500	69.7250	31 64 74 92 112 168 190 
83.0100	69.6200	13 26 39 55 74 163 226 
76.3300	72.0350	14 42 69 113 130 203 220 
85.3200	74.5100	31 43 65 90 148 176 228 
73.6600	66.3550	28 50 157 173 191 229 247 
80.7450	66.1150	14 30 44 66 115 228 254 
87.7850	73.9450	24 79 110 159 180 235 253 
91.2900	74.7800	25 57 69 97 181 206 236 
81.6900	68.9700	47 62 73 89 189 235 247 
81.1100	74.4350	32 49 68 92 172 207 250 
79.1500	70.1450	23 33 65 163 191 207 232 
77.6550	63.2600	17 32 47 68 84 129 244 
85.2550	72.1450	14 33 80 99 117 150 218 
77.6150	68.7200	14 26 71 91 121 175 247 
78.8350	64.4600	14 28 42 59 88 129 170 
71.9400	68.8100	16 38 67 125 221 240 253 
82.1350	57.9900	17 62 72 89 224 234 247 
82.1800	68.7850	14 31 44 58 92 191 249 
81.4150	74.2550	37 72 98 128 164 203 230 
69.6000	57.2800	15 30 50 62 90 116 135 
78.6950	56.6200	11 33 55 189 209 225 250 
65.7900	68.5500	23 103 125 148 168 181 194 
89.5850	72.0450	15 74 102 134 218 233 254 
86.1150	74.6350	11 44 75 112 130 178 247 
74.1250	71.5750	55 73 92 130 169 184 240 
81.2450	69.9850	63 91 116 187 227 240 254 
70.8200	64.9100	43 149 172 184 199 228 251 
71.6650	66.7250	24 68 81 97 117 166 180 
87.6250	71.6850	32 47 63 79 97 134 206 
87.8850	71.9900	60 87 104 159 186 203 252 
68.4100	62.3600	21 39 161 187 209 224 253 
82.2200	63.8400	95 150 175 188 217 231 254 
86.1000	74.6350	14 26 37 98 152 177 220 
84.8750	63.5200	95 128 184 198 218 236 251 
76.1900	55.0850	15 28 49 186 215 233 251 
95.8400	72.3250	23 69 88 180 206 233 246 
71.7850	73.4950	24 42 65 116 149 170 219 
82.6150	64.7550	16 65 79 97 223 239 254 
69.5350	65.9700	14 27 43 61 117 143 180 
72.2500	58.1150	24 148 173 205 225 236 253 
85.1050	66.5150	17 31 50 91 198 221 243 
73.5950	56.2250	16 32 47 59 74 99 135 
82.8050	72.7300	57 68 81 102 134 186 246 
79.9000	74.5900	13 53 94 163 189 236 249 
77.1750	71.5550	34 69 148 180 195 217 235 
77.1500	49.4800	13 32 49 66 81 240 254 
90.1550	69.9350	33 60 70 173 219 230 252 
82.5550	75.6250	23 43 57 89 133 194 239 
75.0250	75.7400	52 64 117 135 169 217 244 
60.6000	67.6650	21 36 54 66 140 163 177 
82.2100	71.0750	16 38 84 103 172 239 251 
71.2200	67.6150	23 35 50 79 113 134 181 
84.2400	70.9750	21 33 47 59 99 207 241 
86.3400	68.3950	14 26 103 169 194 218 245 
81.9050	71.8350	24 70 166 186 215 236 249 
74.0800	64.7850	13 28 73 92 129 152 176 
82.8200	71.3850	13 28 64 117 192 215 233 
82.7700	58.6900	26 38 54 180 203 229 247 
76.8550	50.6250	25 36 52 65 80 235 251 
71.1200	61.6850	26 38 54 81 113 143 254 
72.3650	66.1600	15 43 147 198 225 238 253 
86.1350	73.4150	21 84 143 206 223 236 253 
84.8950	67.6900	11 36 73 96 116 225 245 
86.3900	74.0900	23 37 52 91 176 221 239 
70.8800	68.8450	69 122 147 166 181 233 249 
83.7950	63.6250	14 110 133 186 217 232 251 
73.8550	64.3800	47 159 176 188 217 230 243 
82.7450	71.4400	63 125 148 180 195 232 246 
83.6800	63.4700	17 30 49 62 184 221 244 
74.8800	69.9650	16 57 67 88 112 147 194 
76.3250	54.6150	15 33 55 67 217 236 250 
64.1300	66.2300	14 30 42 55 113 130 187 
93.4250	63.8850	89 149 179 195 218 230 250 
76.7700	56.3600	13 135 173 199 225 240 253 
83.6800	72.1050	22 69 87 115 181 203 253 
65.9750	61.3900	21 42 61 73 94 133 157 
69.3450	67.5650	14 27 37 53 66 110 187 
71.0350	66.2850	17 34 65 79 110 147 176 
71.9200	55.7250	25 39 54 66 79 94 235 
74.7750	68.6450	13 32 57 69 122 146 229 
79.0350	73.8050	36 90 102 133 157 183 240 
71.8950	58.7900	102 122 143 169 220 235 253 
81.9650	70.8050	15 27 53 69 87 169 206 
79.4650	70.0200	42 55 66 84 98 195 223 
67.6300	64.5600	11 26 37 54 127 238 251 
82.9700	67.0550	38 60 159 175 203 225 246 
84.1400	73.6750	13 35 91 147 172 233 253 
85.9750	67.5950	75 92 104 163 194 225 252 
83.3650	64.5800	13 32 134 195 214 227 245 
75.7750	67.8950	13 29 47 63 74 175 188 
71.0900	50.4750	143 163 178 195 225 238 252 
77.0400	67.8650	14 27 37 122 148 225 249 
72.2450	59.8650	23 34 51 180 228 239 254 
71.2700	72.9750	43 117 135 168 183 219 252 
80.1900	66.4400	13 28 113 134 172 189 231 
88.4800	74.3900	13 65 78 134 170 223 247 
80.2150	73.5200	31 94 115 152 173 190 244 
71.3450	44.0650	13 26 191 214 229 241 253 
69.3950	68.1350	39 59 122 149 170 188 215 
67.0550	41.9300	15 27 38 210 226 236 252 
75.1850	67.5250	15 27 121 143 217 239 253 
85.6250	73.5000	44 64 78 148 198 231 250 
86.7900	72.8950	31 51 95 176 188 206 239 
69.3800	44.7100	15 27 42 60 74 91 103 
75.3500	69.6650	24 37 78 113 143 169 250 
86.4900	75.3550	14 55 71 97 129 188 220 
77.2750	73.1700	49 61 123 161 187 225 244 
80.5050	71.2750	15 59 95 115 130 176 250 
92.4550	70.1200	21 79 177 206 226 236 252 
83.9800	70.1750	65 78 116 135 194 229 246 
66.8650	64.4900	35 59 70 84 127 149 170 
82.7750	70.4500	15 33 51 73 91 190 246 
77.5750	63.9450	17 116 140 175 196 218 250 
65.7800	47.9000	14 37 52 66 78 94 112 
80.9950	70.4850	23 42 80 127 147 177 247 
87.0900	69.1600	28 102 129 181 224 236 251 
87.4950	70.5250	14 84 157 192 229 241 253 
80.8450	60.6200	11 24 36 61 73 92 226 
85.6750	56.6250	30 47 61 73 218 241 254 
77.1650	68.6500	69 84 117 134 169 214 227 
82.4100	67.6300	72 97 173 190 210 241 253 
84.3400	67.3000	11 25 51 94 115 225 252 
87.4600	71.9150	64 89 113 161 210 232 251 
70.4350	66.2850	43 147 172 189 215 227 252 
84.6600	65.7200	14 104 170 194 215 235 251 
78.4750	73.5000	34 57 71 87 117 194 210 
92.4500	75.4550	31 87 103 135 168 230 246 
83.8700	71.4350	16 71 96 130 194 227 244 
85.5850	71.0550	66 80 102 133 157 229 250 
80.2600	65.8500	89 121 187 209 224 236 254 
69.0200	45.0950	11 32 50 61 71 88 101 
82.2050	72.8900	14 54 78 128 157 187 218 
64.2550	69.2050	57 71 92 110 127 161 181 
86.2800	73.1150	21 60 80 96 143 173 218 
78.8750	69.8100	11 28 96 134 173 186 199 
71.0400	70.0900	22 35 123 168 180 198 218 
76.0450	64.4600	15 101 122 148 179 238 250 
77.5350	55.9550	14 44 178 199 224 234 247 
86.3300	71.1350	11 26 80 135 166 189 246 
88.9600	71.7750	15 32 84 115 190 206 245 
77.1200	62.3250	95 121 143 196 225 236 254 
94.7800	69.4300	11 25 90 181 203 236 250 
86.3350	66.7050	84 98 116 147 199 226 239 
87.9550	72.8500	16 49 63 88 149 199 252 
90.9650	72.5800	60 70 97 125 198 225 247 
89.0250	71.1550	29 49 92 187 215 228 250 
72.7750	48.7300	17 30 53 209 224 238 253 
67.0350	53.2900	122 140 168 209 224 236 251 
85.5650	71.4300	64 87 110 129 159 219 247 
84.9700	71.6400	59 147 170 215 227 239 253 
88.9550	73.8450	17 44 78 97 157 207 251 
76.7500	69.8700	67 81 115 157 173 190 207 
84.2100	70.8450	66 90 103 192 224 238 250 
77.2350	71.9950	35 51 96 187 219 238 253 
75.8850	77.5450	21 42 64 98 168 190 244 
85.7900	69.0950	15 43 57 78 96 206 223 
77.5250	69.2900	16 47 96 116 135 230 247 
75.3200	71.5650	69 121 157 196 226 236 251 
65.9200	62.3350	16 75 91 104 125 157 173 
62.9100	62.7800	15 28 39 54 96 127 161 
85.0300	73.1050	22 54 66 80 168 187 225 
70.8600	56.7700	17 33 54 68 102 235 250 
78.4100	60.3500	19 37 52 65 89 221 251 
68.3850	50.7800	140 164 178 190 221 234 254 
82.6600	55.7750	11 29 63 205 221 239 253 
73.5900	60.7300	16 49 172 189 205 228 245 
80.5500	71.7300	32 44 72 125 149 231 250 
75.1350	67.6150	38 57 159 179 194 234 250 
90.2100	61.3700	11 29 49 60 75 199 234 
76.4250	73.2100	49 63 92 127 196 239 253 
76.6050	73.9750	30 54 121 159 178 191 224 
85.8700	71.7750	14 66 84 101 140 163 227 
80.5200	60.8850	101 143 177 210 225 236 250 
78.2700	70.0350	15 31 54 67 161 195 218 
86.4100	66.8400	13 25 116 172 207 231 247 
85.2400	72.9100	54 78 95 149 187 206 225 
# Finished in 27.41 seconds (1000 libraries, 200000 chimeras)
