# <E>	<m>	crossover points
215.2625	72.0350	42 55 67 81 101 175 228 
190.0950	70.0800	47 60 80 95 112 146 187 
209.6025	58.0600	14 35 52 65 90 115 246 
217.3900	73.8250	23 58 117 177 189 214 244 
210.4025	72.9650	19 38 94 135 163 183 232 
224.7150	71.0600	61 94 110 134 198 220 240 
220.5450	64.8600	11 25 37 71 187 232 254 
236.3500	61.0050	11 25 35 79 206 228 240 
222.2400	71.5400	43 72 94 117 198 229 249 
240.9650	71.8000	16 31 55 84 140 228 247 
246.7250	70.5500	22 34 81 179 217 232 253 
210.4650	67.6700	17 31 47 61 87 99 183 
213.6975	69.8650	15 33 50 96 191 223 244 
245.1525	72.3050	47 60 78 179 215 235 252 
220.2025	69.2750	32 110 130 184 198 217 249 
187.1575	66.4300	23 117 147 166 184 236 254 
174.8250	62.1050	11 55 84 98 122 149 169 
209.4275	56.6850	11 25 35 53 181 219 231 
180.9250	71.3050	14 47 102 122 143 166 198 
247.1850	73.8700	13 71 115 177 198 229 251 
216.2700	73.1950	37 97 129 177 190 206 247 
214.6575	68.3100	70 97 122 195 224 234 252 
247.4775	72.6750	17 58 87 102 187 220 252 
196.6475	70.2650	21 33 49 74 169 186 209 
174.7475	69.5850	23 33 49 140 176 191 241 
175.9125	66.7750	33 127 147 168 188 209 241 
207.0475	56.1650	15 28 43 58 72 117 247 
221.6575	73.7900	27 44 65 92 172 219 230 
205.0675	62.3300	97 116 161 191 226 236 251 
210.7425	72.3550	23 55 66 92 123 147 223 
225.8025	72.7950	11 28 39 63 91 164 217 
183.7300	73.5600	17 52 127 149 169 219 253 
221.8725	73.2550	16 52 72 163 184 234 251 
224.5200	70.2350	21 39 60 84 127 219 238 
222.7800	75.7600	52 66 80 123 150 218 240 
197.0200	51.5500	129 161 186 203 219 231 247 
217.5125	66.8800	13 27 47 60 71 163 251 
196.7375	56.4500	11 26 43 59 78 97 134 
192.8575	70.5200	32 52 97 121 135 163 243 
221.3525	59.2900	21 32 53 65 78 218 251 
174.0225	44.6600	152 172 186 199 224 234 254 
200.6300	69.6600	23 39 54 66 84 170 199 
204.8675	67.9550	29 52 148 188 220 232 254 
235.2300	70.6200	59 94 177 196 224 234 247 
217.9000	62.7450	11 112 147 192 210 235 252 
240.8650	63.8800	14 27 37 62 84 102 224 
235.0525	65.2600	89 130 150 178 220 232 252 
190.1800	63.7400	22 35 54 66 81 102 175 
225.9175	61.8250	99 128 150 184 215 231 247 
206.2200	70.0150	24 35 60 78 99 117 181 
225.1450	64.5400	14 55 69 84 97 224 241 
236.9550	66.6200	74 103 125 157 215 229 247 
191.1600	68.9100	11 25 35 59 129 177 192 
241.8100	70.8150	13 29 71 97 180 221 243 
253.0950	70.6550	17 29 61 72 179 210 247 
236.4325	75.6350	11 30 69 104 128 187 224 
250.4625	69.8800	13 26 84 170 199 231 251 
222.9700	69.4100	25 35 98 127 218 234 246 
235.3125	64.7500	81 101 143 177 195 225 243 
222.2800	61.7700	13 25 43 70 87 219 233 
201.4350	70.2100	16 30 47 69 97 125 217 
175.6925	62.9600	13 28 71 87 121 149 169 
203.3325	55.4150	117 134 161 183 210 229 245 
204.9725	71.4000	21 37 104 164 191 218 243 
221.8675	72.3900	19 34 89 104 130 192 247 
208.5900	66.9900	11 32 47 135 187 206 228 
203.1900	60.6000	96 128 149 173 186 203 226 
199.9350	74.5100	37 53 70 116 161 226 245 
222.7150	74.1550	54 72 143 186 207 229 241 
216.7275	71.7000	21 51 88 116 147 223 253 
197.9300	64.6200	24 128 186 205 220 241 253 
231.4125	67.0900	21 80 95 117 210 235 249 
230.9475	68.0850	16 30 43 60 70 180 225 
217.1175	71.5500	13 29 42 78 166 188 240 
222.9475	73.0250	54 72 112 130 199 229 244 
209.0150	74.4250	22 38 92 134 175 194 252 
237.3325	68.2600	11 59 99 198 227 239 251 
207.4575	71.2050	54 71 112 140 218 230 243 
217.0300	72.9400	65 102 127 205 225 238 252 
220.0650	67.6800	13 35 65 78 101 123 224 
251.1000	73.9300	14 30 90 149 205 231 253 
176.5775	51.4150	23 34 53 67 80 97 121 
244.3250	69.7850	29 39 60 98 214 229 241 
179.6200	69.5250	21 57 68 81 121 157 186 
240.7950	70.5550	14 30 51 89 175 230 243 
199.0550	59.6150	21 33 65 95 226 239 251 
242.9350	75.0250	14 59 103 150 209 228 239 
223.2225	74.1200	22 69 150 181 219 233 246 
217.5725	67.0200	50 61 166 191 207 226 245 
208.9450	69.0200	15 39 64 84 113 152 243 
187.6900	68.7900	14 34 57 67 94 149 176 
237.1750	72.1750	64 79 103 125 179 217 249 
193.3025	74.8450	19 33 101 125 166 184 209 
220.2125	75.6450	52 78 98 117 175 230 243 
245.5875	71.9650	17 62 75 96 143 223 247 
213.0550	69.9650	13 47 59 98 191 239 254 
188.6125	55.6650	14 34 50 63 87 101 134 
203.1125	70.7200	65 95 128 169 186 198 225 
222.7300	72.5550	22 59 116 168 206 230 253 
196.3575	61.7850	24 42 73 94 110 135 251 
255.9000	68.5300	27 60 79 95 209 238 252 
206.1025	64.9450	14 34 52 98 122 234 251 
232.7775	70.1500	24 50 98 195 215 230 247 
182.9050	71.6900	51 121 150 173 192 209 231 
203.5025	69.8000	17 31 50 102 128 149 243 
163.4475	59.2200	15 29 39 69 95 117 163 
207.8075	60.3100	21 39 70 89 103 235 249 
198.0550	59.1000	22 134 190 206 223 234 246 
235.6275	67.9400	23 52 63 79 102 128 230 
223.7425	74.7350	24 44 65 90 150 179 223 
207.4275	68.9050	17 32 55 122 224 238 252 
229.3725	72.0650	11 24 36 95 150 215 227 
205.2950	74.3850	37 71 96 116 159 178 244 
214.6500	65.6900	15 28 42 68 104 219 244 
210.2100	62.3300	14 26 140 199 223 240 252 
221.2750	59.6600	14 44 71 88 99 231 253 
205.5175	73.7200	15 35 96 128 168 209 250 
243.6700	73.5050	36 60 74 95 181 232 244 
203.0500	69.9050	14 32 53 67 129 149 241 
197.9150	71.6700	14 36 52 102 133 172 238 
174.8150	59.9800	21 52 69 84 102 129 157 
219.8400	67.3150	17 98 127 164 217 229 251 
226.2900	65.3250	25 58 176 188 223 236 250 
207.4250	73.7950	19 34 73 123 150 183 235 
229.0900	71.7800	13 33 73 95 125 157 230 
198.6500	56.9150	116 146 168 191 209 229 252 
238.9600	69.4950	74 97 164 179 205 233 252 
190.7900	67.2800	13 32 91 134 163 178 191 
180.4675	51.8050	19 37 184 198 218 236 252 
195.5275	65.8100	14 26 115 133 168 184 223 
194.6175	65.7800	26 37 140 164 178 195 223 
224.6700	68.1100	23 44 60 104 127 233 245 
200.6550	58.3700	14 133 157 183 221 234 246 
236.0750	66.8150	23 43 81 196 224 234 247 
182.1300	65.9950	23 47 157 173 190 206 238 
241.3900	70.6300	23 60 79 97 176 189 206 
195.4400	71.7450	22 34 54 71 163 186 214 
236.8475	67.7550	11 28 49 66 87 116 224 
226.4425	72.7350	17 39 60 99 117 198 246 
184.6825	49.0100	135 161 176 188 209 225 244 
231.2525	70.4450	19 31 49 67 89 181 206 
223.2400	71.5950	42 62 73 102 133 198 252 
224.7400	73.1350	11 30 80 98 134 163 209 
219.1600	71.3850	29 88 101 130 166 186 198 
240.6450	70.5300	11 33 69 88 112 207 244 
224.1575	57.6750	24 37 55 69 210 228 247 
198.0350	71.1500	52 123 146 176 206 227 245 
213.3625	69.3750	13 33 50 67 147 206 252 
191.0075	75.3850	16 51 66 133 159 194 243 
185.9725	50.1150	23 34 49 198 218 236 250 
235.4175	73.6100	60 80 95 140 166 229 243 
226.3575	65.0250	47 67 87 196 220 232 252 
209.0725	65.0400	94 110 135 189 205 233 250 
181.8000	65.2850	15 34 52 78 101 127 173 
182.3800	68.6950	16 38 60 96 146 164 179 
195.0225	67.1050	21 33 121 198 217 233 253 
216.9450	66.3500	13 101 122 148 178 205 228 
220.3125	72.9600	60 125 164 188 205 227 246 
208.8825	72.1850	19 65 92 163 203 234 251 
230.7825	67.4450	75 99 129 184 199 223 235 
190.3850	58.4900	16 34 157 173 196 235 250 
221.9675	73.0300	39 65 81 98 147 226 246 
206.3875	56.1250	16 31 51 71 89 104 243 
228.8325	71.7550	11 28 49 84 121 150 224 
212.2375	65.7800	23 116 169 188 206 229 251 
176.3000	59.8700	19 32 53 70 84 101 149 
198.5800	74.3350	36 52 67 135 175 199 250 
222.8450	69.5300	13 31 113 176 218 233 253 
210.9500	71.1550	22 37 60 134 173 189 243 
202.1000	71.5700	50 71 130 159 177 203 252 
214.3075	62.2600	98 147 173 189 205 223 247 
230.5350	64.9550	80 95 168 205 220 233 252 
206.0475	68.4100	13 31 49 110 134 235 254 
227.0550	63.2300	16 30 47 64 110 229 246 
212.8100	73.5300	26 36 96 143 184 205 241 
193.5875	61.7100	37 152 183 198 217 234 247 
228.6225	67.8850	13 30 42 61 161 229 251 
223.8900	72.3850	38 58 71 104 178 203 233 
233.2000	68.1850	19 72 180 194 224 235 249 
179.2950	45.5850	16 28 42 55 67 79 104 
241.2275	61.5650	13 27 63 190 207 231 251 
225.7775	51.4850	14 31 52 63 75 99 250 
215.9550	58.6550	14 27 54 183 225 236 250 
208.7650	70.0700	73 97 135 163 183 238 253 
222.2975	70.4950	15 27 43 69 96 191 232 
229.7475	70.3900	15 92 115 143 196 224 244 
206.0325	63.4900	17 30 52 175 191 215 247 
203.2075	59.7600	28 38 53 75 96 123 253 
176.0075	67.9600	51 146 172 186 221 233 254 
185.4850	44.9600	15 27 39 206 223 234 250 
254.5275	74.4750	26 61 99 177 199 226 251 
187.9250	67.4700	24 34 50 62 152 184 199 
220.9800	66.5000	16 51 69 181 199 233 246 
253.4225	68.5150	22 81 180 195 214 228 253 
208.6300	71.7350	36 78 92 104 143 180 246 
174.8325	64.9400	16 37 135 169 191 209 253 
220.2825	67.3750	14 27 38 64 75 146 238 
197.1200	65.5850	32 123 149 169 186 210 227 
224.0650	68.0800	72 112 134 207 225 235 251 
228.0625	69.5750	17 33 50 79 176 233 252 
226.9975	72.3350	13 32 97 116 152 219 243 
209.1525	61.9500	38 60 70 87 103 127 245 
228.7650	67.8000	11 31 62 166 218 239 251 
196.7675	65.2800	19 32 59 89 148 168 180 
221.8425	76.1100	29 68 103 161 207 241 254 
223.7600	69.7200	16 33 49 73 89 134 231 
212.8600	72.7950	11 25 39 72 157 189 249 
218.5350	64.7950	14 29 49 68 190 233 251 
194.1425	64.4600	21 42 55 70 187 223 243 
191.5150	54.4350	116 152 184 203 227 238 252 
206.9775	63.9450	14 27 49 62 73 90 178 
193.7525	72.6600	16 33 58 123 169 194 217 
227.0250	74.0550	28 60 128 157 191 226 250 
222.8200	73.6700	55 73 117 169 215 233 249 
208.0150	72.4200	21 53 130 195 217 231 245 
189.9875	72.1150	21 44 72 110 140 170 198 
174.6800	71.2250	25 53 104 127 149 179 191 
223.7600	73.0300	27 39 58 72 110 157 226 
179.5875	69.3400	17 31 49 69 161 178 190 
209.9550	67.1750	50 65 78 94 112 226 245 
218.1700	70.3450	65 90 112 148 220 240 254 
217.8175	59.1650	97 146 178 198 226 239 251 
214.2525	67.0750	38 53 91 113 219 233 252 
223.8750	65.5450	15 27 43 73 121 230 249 
224.7600	73.2900	31 55 113 186 209 228 243 
207.3000	71.6950	15 35 73 94 117 187 203 
196.8000	68.4000	33 52 65 143 227 240 253 
163.2575	66.4600	38 54 71 99 133 159 179 
233.9325	71.1200	19 89 104 159 195 214 234 
189.0800	68.9900	39 127 159 180 214 236 251 
188.5600	63.2100	24 35 135 161 178 196 223 
204.0000	73.3400	19 58 101 123 176 188 205 
184.7875	69.8950	37 52 99 128 148 178 203 
206.6550	70.6700	11 28 53 65 92 166 209 
217.3850	58.1800	23 43 65 75 95 231 254 
238.9125	65.7900	29 44 63 178 192 225 247 
192.9600	67.1000	30 54 72 89 110 128 172 
212.5075	54.8550	16 34 54 65 214 231 246 
170.0625	65.9800	21 37 54 115 130 166 250 
221.2175	70.6050	32 50 71 173 190 206 228 
203.9850	68.2000	11 25 35 117 181 199 251 
234.6950	73.9300	13 44 84 169 189 232 249 
214.9175	70.9850	59 73 96 149 170 188 250 
189.9325	68.5350	23 44 64 84 98 121 195 
192.0800	66.3400	14 26 38 94 130 161 177 
205.2200	47.9750	17 30 42 57 68 89 251 
216.5925	59.7550	11 31 44 178 198 233 247 
228.2800	65.5550	81 99 143 175 188 207 228 
198.6175	70.4350	16 34 104 128 148 184 218 
233.0550	70.9650	58 72 99 123 210 225 240 
215.0725	64.8300	13 25 37 74 127 148 252 
203.3350	67.3500	54 70 179 192 220 240 253 
234.0425	73.1150	23 33 92 172 215 230 245 
239.8550	75.2100	14 54 84 164 191 230 247 
202.7225	72.0300	13 43 68 104 192 239 251 
199.4525	71.8100	47 74 99 149 169 183 243 
243.3150	74.8800	19 34 90 149 183 227 246 
216.7700	65.8700	16 36 67 89 121 228 253 
212.3700	73.2100	36 90 121 135 173 231 254 
216.4500	71.6950	63 102 134 169 187 199 223 
205.1050	67.3000	22 37 53 66 79 149 240 
229.4475	67.7050	30 68 91 103 217 236 251 
221.5050	71.4100	19 60 97 173 187 235 251 
234.4550	71.6850	15 28 38 80 170 187 246 
232.0200	63.1550	14 59 176 203 224 235 251 
231.3225	72.3850	65 81 98 148 218 234 253 
188.2725	65.9300	47 147 179 205 220 233 247 
217.8350	74.0100	53 71 127 183 207 230 252 
214.5375	74.7100	39 54 90 104 133 178 206 
224.8350	71.5950	60 75 128 163 183 205 254 
226.8600	72.0000	15 65 80 159 188 218 254 
230.2450	73.7300	24 37 68 80 149 179 252 
196.0775	68.6750	69 95 113 147 168 206 221 
212.0350	73.5050	17 34 54 65 133 199 225 
197.4825	67.0900	33 123 157 173 205 224 243 
209.3875	72.9550	60 79 117 134 168 184 243 
210.5850	59.9150	17 30 49 176 215 232 247 
228.6650	71.9650	11 50 97 189 209 230 246 
236.1575	70.0800	44 63 79 101 195 226 254 
182.8950	59.4650	21 31 44 59 71 96 146 
196.0050	56.6300	11 28 50 179 221 241 254 
212.5050	64.3100	87 116 134 157 191 210 243 
220.5800	73.1900	58 71 91 115 157 196 227 
225.4100	63.9550	27 51 73 194 218 240 253 
221.2850	59.1550	102 149 176 198 220 231 251 
199.9375	53.9650	13 146 170 198 228 241 254 
191.1475	69.8550	19 37 53 69 159 221 236 
187.5900	48.8400	19 31 44 59 75 94 113 
226.8325	69.8500	13 30 64 159 196 217 232 
206.4600	69.0250	14 26 50 123 149 229 247 
217.4075	72.2900	14 28 39 62 97 152 210 
168.2425	56.2100	24 37 54 67 79 117 143 
252.8275	73.2050	29 78 112 184 206 232 254 
211.3000	69.5250	26 50 79 134 164 181 198 
223.8075	70.7600	13 34 50 78 140 232 251 
241.3150	66.5550	14 63 89 191 209 225 235 
203.9450	70.2100	34 49 65 148 206 224 243 
205.1825	68.4050	31 96 121 150 177 190 206 
202.0100	47.0600	16 30 51 214 231 243 254 
249.7600	75.6350	13 26 64 74 130 194 225 
234.4550	72.9600	14 33 61 128 191 234 246 
231.3925	61.3600	15 30 53 80 205 226 240 
167.0525	62.1800	19 52 70 89 101 122 170 
194.6875	64.6450	16 30 43 117 228 241 253 
195.4650	64.7850	17 98 130 157 175 187 206 
195.7050	74.1600	43 57 70 121 199 236 253 
236.8525	73.0300	13 65 78 97 164 196 232 
197.8175	68.9650	21 32 52 64 134 173 246 
211.1675	71.0100	30 44 64 75 117 157 240 
213.9950	68.1250	11 29 50 80 96 129 178 
223.8225	63.8400	89 176 188 203 223 240 254 
232.6175	73.6600	11 31 73 96 115 164 236 
235.4175	60.5550	13 57 78 210 227 238 252 
202.4825	52.9300	35 51 62 73 90 239 254 
208.6150	66.0750	13 35 67 164 221 232 251 
190.0150	71.0650	29 50 127 148 173 195 217 
185.4650	44.2200	11 29 39 58 68 88 101 
216.5475	73.9500	55 99 164 184 196 219 245 
224.0200	70.0800	23 89 115 140 179 196 217 
193.8475	71.7650	19 35 84 110 133 159 196 
199.7275	73.3350	22 34 91 123 168 186 207 
192.2425	65.0950	21 32 47 59 73 94 176 
208.7025	72.0800	29 44 60 122 164 233 253 
251.2125	66.8450	11 32 57 80 95 214 235 
231.6100	72.5250	14 26 62 146 192 217 228 
215.1625	63.1450	70 91 103 215 227 239 253 
215.8800	73.1650	43 60 84 121 163 177 235 
218.0700	65.8450	22 110 127 157 206 226 247 
209.5675	67.7800	19 35 90 102 125 149 236 
222.9750	69.7250	67 88 113 135 170 220 243 
223.5100	67.9000	19 36 62 74 134 225 243 
204.4800	67.8950	23 34 91 103 133 170 243 
214.4225	71.4000	57 72 149 170 198 235 253 
237.9525	70.8250	21 31 73 173 191 209 229 
200.7900	72.7800	24 52 70 98 164 179 199 
200.5900	69.8500	14 28 51 130 221 241 254 
237.7875	63.1800	15 31 63 80 115 238 251 
228.4075	72.1450	36 72 143 189 218 230 252 
230.2850	73.6050	38 90 112 140 210 228 243 
225.8525	73.5850	33 47 61 140 187 228 254 
234.1050	72.6850	64 91 163 178 205 231 243 
190.0800	53.3050	13 25 36 64 80 99 128 
193.6550	65.0150	11 26 39 57 67 80 187 
231.1900	64.4100	11 27 53 68 88 206 250 
212.2150	66.6700	14 31 44 63 80 166 179 
209.2350	57.5650	15 33 47 61 71 215 254 
199.3950	67.0950	13 30 43 59 69 159 241 
226.8625	73.9800	11 30 70 146 195 225 243 
218.9350	75.5550	44 92 127 149 205 231 252 
194.7550	49.9150	14 26 37 59 71 89 116 
213.6125	70.2600	27 42 63 147 223 235 251 
176.3050	62.4750	23 34 55 74 90 121 159 
198.4275	66.8650	21 34 49 71 87 101 207 
207.1325	67.4450	13 27 49 90 140 161 249 
208.4475	67.8750	34 49 71 96 115 229 253 
198.2200	58.1950	11 27 38 170 205 231 254 
205.0750	72.9450	19 54 97 161 181 233 252 
225.7800	74.5150	35 74 90 116 169 206 229 
225.0975	70.2200	23 34 79 163 219 236 250 
191.8750	53.4850	11 30 50 63 73 110 127 
233.0000	60.3700	11 25 68 88 99 230 250 
209.9200	72.5800	16 58 94 172 187 210 254 
211.6875	72.5050	42 66 90 172 187 209 239 
225.0475	66.3200	16 28 43 71 181 223 253 
203.7650	65.2050	22 33 55 67 123 232 249 
193.8750	59.9350	103 125 161 178 194 241 253 
241.0550	74.8400	28 70 92 129 203 228 246 
205.7350	72.1850	35 75 125 164 186 209 224 
231.9575	56.3950	17 30 42 55 73 224 252 
214.3175	71.5750	47 92 112 199 223 239 252 
243.9650	74.3300	16 37 74 98 180 236 251 
216.3450	73.8200	11 33 50 69 149 214 234 
217.3775	61.0800	15 27 39 57 67 88 218 
209.6675	67.8600	53 69 176 196 218 234 249 
230.3975	72.5500	16 31 62 102 146 178 246 
207.5925	64.5600	57 170 183 198 217 239 252 
209.3450	54.6450	17 43 59 192 217 234 249 
194.3550	54.9500	17 148 169 189 214 227 243 
218.2200	68.6150	62 81 96 116 134 236 253 
193.2625	69.3700	19 30 115 135 170 184 223 
205.8975	66.8800	22 32 54 67 101 123 229 
190.2175	64.8200	14 31 60 71 92 125 169 
201.0650	67.1700	13 26 95 123 168 181 199 
212.7050	71.1700	14 29 39 62 74 96 189 
204.2525	66.9350	73 92 116 161 176 191 251 
238.3050	66.9550	79 102 123 150 206 227 249 
223.8550	62.8250	90 104 127 205 220 232 253 
235.6375	64.7000	11 31 50 67 112 231 247 
225.5675	72.6700	36 51 87 172 205 225 243 
231.3525	72.0300	16 35 81 168 224 239 251 
206.3250	71.5050	33 103 125 168 227 240 252 
213.2075	74.3850	55 113 187 199 218 233 249 
205.2325	69.6500	25 37 110 192 215 241 253 
229.7825	71.3450	28 43 58 72 166 198 226 
216.0350	72.0500	11 54 91 143 226 241 253 
218.1825	65.8350	11 34 74 99 130 238 254 
242.9700	76.0150	26 59 78 92 104 187 243 
221.3050	76.3950	31 65 78 133 172 195 214 
215.8600	71.5900	62 92 113 172 196 215 251 
216.4800	72.5400	14 35 54 68 81 163 209 
206.7300	48.0250	19 30 44 62 221 235 247 
225.1475	72.1100	31 64 78 92 168 196 236 
235.4075	72.3600	21 36 60 88 143 223 243 
236.4500	69.9200	14 36 90 189 215 238 251 
183.9875	50.3700	24 38 191 210 228 241 254 
184.5175	63.1400	38 157 181 194 219 235 251 
220.1475	70.6500	23 38 71 166 183 218 244 
208.8075	69.9250	16 31 44 63 149 170 251 
222.5075	65.5750	26 51 67 80 99 215 253 
208.6625	69.0300	73 91 117 163 191 221 241 
205.8925	54.3400	16 147 180 198 217 230 243 
188.2725	64.5200	14 31 52 70 90 143 173 
201.5750	56.8350	15 27 42 181 196 226 244 
171.7325	51.2600	16 37 53 65 75 99 121 
233.3625	67.4150	27 62 78 104 130 150 247 
202.4225	57.5700	21 35 68 209 227 240 253 
224.3750	68.8100	13 27 47 116 206 224 252 
186.4375	70.8050	27 44 112 140 170 195 253 
213.1550	71.7350	31 44 58 75 112 135 189 
217.7025	64.7050	29 71 94 203 228 240 254 
212.5250	60.1300	11 35 54 88 103 239 252 
215.6950	74.0400	58 79 127 147 176 189 251 
218.8350	69.4850	63 123 149 186 215 229 245 
172.6700	66.6300	54 67 87 102 123 159 184 
190.5950	68.2350	21 42 64 75 98 147 180 
201.3500	61.0000	101 125 150 175 192 218 232 
223.8900	70.7100	50 64 75 97 123 207 224 
218.1850	74.1300	15 68 97 163 177 189 232 
234.2450	67.4800	79 166 181 199 219 233 245 
187.9200	53.9800	123 157 181 195 225 238 253 
186.4650	63.7200	30 42 147 169 194 235 251 
171.4550	63.3850	11 32 51 65 129 149 172 
196.5100	46.8750	14 26 53 210 226 236 253 
203.0350	54.0500	14 28 39 57 92 239 254 
236.3925	70.7700	66 91 112 178 205 230 252 
185.3575	48.4250	133 157 183 196 224 236 252 
253.9075	72.5850	15 60 81 178 190 221 235 
240.9700	64.9600	17 34 81 199 218 231 249 
212.3350	72.5150	14 27 39 62 87 159 195 
203.6175	68.3150	42 62 170 186 224 240 254 
204.6275	62.8950	94 134 169 187 227 240 254 
211.6375	74.5850	37 71 123 203 226 238 254 
222.1475	70.6200	16 32 44 58 123 205 228 
196.8200	59.7500	97 117 135 170 226 239 252 
225.1825	52.0450	11 27 38 67 79 232 250 
179.2175	66.1400	17 53 72 96 122 143 179 
201.0650	71.0200	35 101 133 169 181 223 244 
190.4700	68.7100	11 26 53 128 148 180 250 
178.5650	66.1250	39 148 186 206 223 239 252 
170.5650	67.1450	11 26 36 101 133 168 184 
239.2125	67.8850	25 50 79 189 219 233 247 
199.5375	58.7950	30 149 177 191 215 241 254 
205.4675	60.8350	15 28 44 64 92 113 243 
210.3650	56.9450	15 43 57 70 217 235 251 
215.1300	73.8400	22 74 102 143 164 187 209 
218.5575	59.2350	13 57 187 205 224 240 252 
220.0400	72.6100	13 60 91 103 140 169 243 
180.7850	54.8850	19 34 50 62 75 102 140 
216.1525	68.5300	59 148 168 190 214 230 243 
204.7450	53.8000	14 28 39 71 223 236 254 
225.6625	75.2400	16 42 62 97 157 207 226 
228.1750	71.6300	11 25 43 72 125 214 230 
209.0925	67.3150	87 102 127 157 176 195 215 
228.1375	67.4050	15 29 97 117 134 219 247 
185.2650	66.5100	19 36 51 122 227 238 251 
234.9275	72.6500	13 58 79 102 125 150 226 
194.1725	71.3250	19 30 47 127 191 223 238 
219.2700	73.8800	25 36 52 102 177 192 246 
214.3800	71.0650	23 52 134 189 209 234 247 
220.5225	74.7250	61 112 140 161 191 221 247 
199.8975	66.0750	16 36 130 181 205 224 241 
223.0475	63.2800	14 29 43 60 91 121 245 
215.1250	71.4050	11 29 49 92 191 238 254 
225.3275	73.7550	29 74 115 166 223 236 253 
218.0375	63.4200	84 98 133 159 179 195 219 
179.8525	55.9450	19 38 178 205 221 236 250 
195.9150	68.6400	15 55 71 104 133 157 241 
215.4250	72.6500	17 60 79 95 125 188 254 
184.3075	73.1100	16 35 51 68 117 163 217 
231.5250	74.0650	62 96 129 178 192 214 245 
224.4900	69.9650	53 65 79 181 215 233 253 
242.5350	69.0200	15 89 116 198 228 240 253 
239.4500	70.4450	14 47 61 81 99 177 252 
220.5975	73.3400	14 31 67 149 172 188 234 
214.5975	70.1400	29 39 54 73 113 159 245 
214.0725	72.9100	16 37 71 94 181 195 218 
203.5250	62.0300	94 113 146 180 205 221 236 
210.7025	65.7250	29 115 148 173 203 234 246 
227.3450	60.5500	11 39 57 181 199 225 245 
243.8875	74.0450	22 62 94 187 214 229 245 
195.5600	57.7700	23 35 50 69 88 128 252 
226.6950	61.5150	22 32 55 176 203 227 245 
218.6275	69.3150	71 94 135 205 224 234 246 
200.3550	68.0150	22 42 143 189 206 225 247 
227.4300	68.7350	27 99 117 192 218 234 246 
212.5350	74.5600	21 59 102 123 166 235 253 
239.1225	75.0700	22 54 88 135 187 210 228 
234.3800	69.5000	16 30 43 80 95 196 246 
254.1125	71.4650	11 28 87 179 205 221 243 
226.6075	56.8500	11 27 47 64 75 221 239 
247.0750	71.0800	57 84 184 196 217 230 245 
183.8800	67.4100	15 32 62 110 148 170 183 
228.6325	63.4800	33 53 64 89 207 238 250 
211.0825	69.9850	25 35 55 135 180 215 244 
199.4300	66.3900	16 31 50 157 175 226 249 
188.8475	72.1950	24 36 58 71 128 173 195 
197.0625	64.3950	15 31 43 164 191 207 230 
228.9550	57.3850	11 25 58 194 214 226 243 
212.5700	67.4250	13 28 97 148 168 184 226 
234.7350	67.7500	57 90 103 198 218 230 253 
209.3800	50.2400	13 26 43 66 223 233 247 
213.6225	74.3900	50 70 116 175 219 231 252 
222.3625	67.5250	70 87 98 186 225 238 252 
220.8975	64.9350	16 29 129 206 230 243 254 
198.2800	54.5550	117 149 184 206 226 239 251 
212.4325	61.1050	96 166 183 206 225 238 251 
200.9550	70.2900	24 50 130 157 207 235 252 
174.9775	70.9150	22 37 122 149 172 187 246 
212.3150	69.3250	21 95 134 159 225 238 254 
207.9825	59.5250	36 52 63 78 103 239 252 
223.5500	59.5850	11 25 67 199 229 241 254 
233.9850	66.0950	24 66 179 196 220 233 250 
206.4225	70.6200	21 69 99 122 221 240 253 
224.7350	73.3900	59 99 125 205 223 239 254 
244.4425	67.5450	32 62 84 97 122 220 251 
224.2475	72.9050	17 42 64 81 112 184 218 
195.6725	55.7850	29 163 183 195 226 239 251 
212.5425	62.2600	95 130 157 215 229 241 254 
233.8375	76.1850	25 51 72 91 129 176 230 
215.6900	69.4100	70 89 128 157 183 232 249 
200.0075	70.8200	13 69 147 168 184 196 249 
207.3675	69.0300	38 57 69 88 134 173 251 
235.6175	73.0600	37 73 90 175 206 230 252 
249.5775	62.3550	13 32 58 74 101 231 252 
194.8775	57.0300	24 34 51 187 227 239 252 
230.1325	61.0350	22 33 55 75 97 230 251 
200.9025	74.4450	53 68 113 184 199 238 250 
219.2025	70.9200	52 67 79 104 147 230 250 
221.7800	73.9600	22 55 72 110 163 177 218 
219.0025	75.6250	35 57 69 112 180 199 244 
230.2950	74.6700	24 34 75 92 164 228 253 
196.3050	64.9750	16 31 43 67 90 129 173 
167.0325	58.9150	34 50 61 79 94 125 152 
240.0950	75.9350	30 59 98 166 199 230 245 
208.8300	58.4650	14 32 55 186 203 240 252 
218.8200	70.1950	22 89 129 166 188 205 250 
204.5600	67.2800	24 36 53 65 79 96 198 
222.9900	70.4050	26 50 72 92 125 223 245 
208.8575	51.7000	23 39 55 207 227 239 251 
185.9775	64.1950	14 35 52 72 99 129 172 
196.4275	63.5150	11 25 52 64 79 96 170 
236.1275	70.8350	19 30 73 94 125 224 247 
216.8475	64.9900	39 68 87 203 221 232 252 
194.4750	73.2150	42 65 75 113 150 177 243 
225.8825	73.1300	58 95 134 196 220 236 250 
235.9900	61.5950	14 35 63 75 207 238 252 
219.3275	71.9500	26 94 129 150 184 215 254 
233.8250	54.5400	13 28 57 71 218 232 246 
208.8125	63.9500	22 34 53 80 117 234 252 
212.3250	50.4100	15 34 58 207 224 239 254 
232.6750	66.0850	87 129 168 184 209 230 245 
214.9000	69.3450	71 150 181 195 221 233 245 
195.9000	65.0050	27 50 62 73 97 116 169 
189.1825	65.6250	14 36 52 163 189 238 252 
206.4850	50.2400	14 29 39 63 219 241 253 
170.7050	53.1000	23 36 54 66 79 94 127 
208.9050	54.1300	115 134 180 196 215 230 249 
219.6300	68.9200	16 81 96 113 130 166 226 
206.0150	70.8300	25 35 101 147 169 181 245 
201.4550	64.8650	13 29 39 59 74 146 175 
198.7825	68.7700	19 39 59 71 150 183 252 
204.6750	58.3550	112 128 188 206 227 238 253 
232.9550	72.9600	23 72 98 146 188 215 252 
207.2325	67.8750	14 36 55 169 183 207 224 
195.9525	72.4950	43 113 143 170 205 232 246 
199.6975	59.2350	98 135 170 190 210 226 236 
254.5875	73.2550	22 84 133 180 206 232 247 
216.7650	61.7500	14 29 152 207 230 241 253 
228.0925	69.4900	21 73 92 115 135 230 252 
184.0425	53.3800	11 28 42 55 67 87 129 
201.3100	62.8900	19 115 149 199 226 241 254 
177.9625	70.3200	38 53 69 147 166 233 245 
247.2425	66.2350	14 28 91 207 227 239 253 
235.8600	66.5600	15 90 170 194 219 231 244 
205.8050	74.7400	19 33 49 115 150 220 245 
215.0425	72.3700	15 29 42 57 125 180 226 
207.8275	61.5250	13 112 129 157 219 239 253 
225.2400	73.9550	47 62 87 116 147 203 230 
177.5175	68.6950	39 69 87 98 135 163 179 
229.4000	69.4050	26 42 62 73 122 224 234 
202.6475	64.1050	19 43 65 75 121 236 250 
216.5075	67.5250	11 25 104 130 173 189 231 
190.5100	73.0100	22 36 52 128 196 240 252 
254.1975	72.4200	31 102 129 184 214 231 246 
183.8850	52.9950	116 152 173 190 220 234 250 
237.0200	73.7350	31 84 140 161 178 219 243 
216.2975	68.0300	13 33 53 78 143 168 247 
207.2675	70.2800	13 28 38 64 146 178 241 
230.9400	74.7950	24 47 67 88 157 214 234 
239.6825	73.8450	23 74 92 110 168 215 231 
184.1925	55.4350	13 25 164 189 205 223 243 
198.6250	66.1750	35 51 64 74 91 150 250 
220.3125	72.9750	15 30 70 127 164 229 252 
208.4650	59.4500	23 35 54 186 220 232 246 
202.5500	72.8300	55 127 172 192 214 227 245 
228.5300	58.5100	17 31 57 90 225 240 253 
235.1650	62.9550	17 29 73 97 115 232 251 
231.3750	74.7350	49 81 125 188 206 231 245 
171.6250	67.4600	42 135 172 191 223 233 251 
231.8450	73.6900	23 33 51 64 89 178 206 
196.8575	69.8500	14 42 60 80 133 159 183 
224.7575	70.8050	13 26 51 64 75 117 209 
244.9250	68.4550	19 30 75 179 228 240 254 
204.7025	69.8900	15 49 130 161 178 209 247 
226.5275	71.1250	68 80 140 181 214 233 250 
207.3000	52.4500	26 39 54 69 81 236 249 
213.1175	68.5500	19 94 121 157 176 198 247 
200.3075	53.4800	123 150 177 192 209 227 250 
173.1025	62.9850	59 70 88 99 121 143 166 
172.8525	68.0800	21 38 62 148 175 187 254 
193.4675	57.4650	14 29 42 178 190 215 253 
226.9025	71.8200	30 69 99 159 230 243 254 
218.3975	63.9650	22 34 51 63 176 221 247 
213.4800	74.1000	49 61 72 134 169 186 245 
222.3600	74.6000	36 55 92 163 206 226 246 
249.9125	71.4600	29 88 110 129 149 220 245 
233.3475	69.2700	88 125 149 177 205 234 251 
232.7450	72.5400	24 42 62 81 104 181 207 
208.3250	73.4150	24 43 65 97 123 188 246 
212.4525	72.9000	22 34 92 166 184 233 249 
219.5075	68.6100	71 87 117 188 205 232 249 
198.5100	69.6900	15 29 72 90 110 176 194 
239.1825	71.5250	14 42 75 173 214 233 251 
197.3450	60.0100	11 35 52 69 110 236 254 
233.0850	72.3600	22 38 55 88 175 232 254 
216.1325	69.2000	63 152 173 192 215 229 244 
231.5800	68.4650	16 28 110 189 214 232 251 
231.2200	71.4700	15 27 51 67 79 172 238 
233.4500	70.4250	15 37 53 81 128 228 251 
205.9975	59.8350	19 133 172 184 215 229 246 
213.1550	73.2200	37 97 161 177 190 206 235 
205.8900	61.9700	27 49 72 89 104 128 244 
214.1750	70.0450	38 68 88 112 135 235 247 
211.1450	72.0750	17 32 55 127 215 238 251 
189.4400	70.0350	25 36 53 125 148 179 247 
238.4275	72.5300	17 31 87 103 150 176 244 
200.9050	63.2850	11 25 44 164 186 225 252 
199.0375	71.8700	13 42 117 163 207 236 250 
184.4000	56.3850	11 26 163 177 195 241 254 
188.0675	66.5950	13 65 97 122 143 166 251 
239.3725	72.3200	21 74 99 130 205 226 251 
206.4825	74.3850	32 53 69 122 175 223 239 
222.6300	72.8000	13 28 52 69 163 179 226 
193.3925	72.8600	22 37 92 113 163 186 199 
229.8200	66.3200	81 115 169 217 228 239 252 
221.8050	69.6600	33 66 161 177 195 215 249 
196.9325	67.4200	34 61 75 91 123 147 179 
242.1975	73.2700	27 63 89 161 219 235 253 
173.5525	65.3350	37 62 72 92 113 149 175 
222.8725	68.4900	75 94 116 133 188 217 246 
218.7925	72.3950	16 33 47 73 161 218 253 
256.1275	62.6600	22 32 63 88 207 229 252 
202.1550	63.4550	11 31 52 169 191 232 250 
227.1350	74.1850	24 66 80 102 130 169 203 
237.8275	72.8300	60 75 98 147 195 235 251 
207.7125	69.6650	37 58 78 99 168 240 254 
203.8825	57.4350	13 25 36 58 192 210 253 
226.7250	70.0500	19 38 62 79 130 234 249 
218.2250	70.8750	72 99 128 150 179 196 217 
207.4650	63.0850	19 30 44 59 113 239 252 
238.9350	74.0800	53 90 112 183 195 225 245 
244.9775	60.0400	11 25 44 62 84 223 246 
204.8150	72.9650	24 44 67 135 170 183 232 
229.5025	70.3700	13 28 71 116 140 224 251 
254.1975	73.5900	33 72 97 129 207 228 250 
234.7125	68.1850	22 33 73 177 225 239 254 
201.9700	65.2050	90 121 146 168 190 209 254 
217.5300	62.3350	21 36 72 195 220 232 244 
215.7450	72.6800	15 68 97 129 178 210 253 
206.4200	62.2500	14 28 39 159 207 231 245 
226.8475	53.4050	22 33 59 206 221 232 252 
215.3400	57.3250	16 28 43 61 195 224 236 
189.5175	51.1300	11 25 38 188 218 239 254 
205.9500	61.9450	97 115 130 152 224 235 251 
194.4675	64.1850	14 29 42 64 87 99 175 
234.8000	70.8550	34 59 72 88 163 226 250 
237.1500	65.2850	88 147 173 203 220 231 251 
208.5250	72.5400	52 75 92 117 134 181 235 
227.6500	65.8550	84 143 169 189 209 229 251 
204.5575	65.7100	34 51 63 74 140 240 254 
211.7125	69.0150	66 89 104 130 169 187 226 
213.1125	69.3850	61 101 123 148 227 238 251 
218.0325	66.8500	14 91 121 159 181 195 223 
219.3600	67.0750	63 169 184 196 217 228 244 
238.0175	74.3700	27 72 88 117 196 239 252 
195.5050	63.2700	21 33 67 187 203 240 253 
217.9250	70.9750	16 47 91 130 220 232 253 
218.6425	69.9650	51 68 81 104 140 230 246 
241.0925	68.8700	26 66 87 99 117 209 228 
204.0875	70.9950	19 32 98 146 170 183 209 
216.4575	50.4000	11 27 39 63 75 95 251 
237.9300	73.4250	31 92 113 199 220 240 254 
205.6075	53.4000	19 32 47 67 89 240 253 
211.6575	54.4550	14 29 42 69 220 231 253 
213.0800	59.1500	15 29 39 62 92 225 235 
195.7450	67.2550	24 37 81 115 146 166 180 
182.8150	67.5750	42 152 173 194 217 230 243 
231.4950	61.2850	14 28 43 60 71 90 224 
236.5750	75.2650	31 61 78 96 168 183 215 
209.1200	71.2300	13 44 65 84 99 128 205 
227.7575	61.9750	11 53 64 90 104 227 243 
228.4825	68.6800	24 63 161 196 224 240 252 
186.0350	49.1250	16 166 198 217 228 240 252 
225.8275	69.6000	23 36 63 90 191 239 253 
199.8125	61.7950	19 34 152 179 218 233 254 
210.0000	66.9750	13 95 122 147 178 192 236 
233.0125	63.3500	17 31 47 62 183 214 247 
231.9125	73.2200	11 66 91 166 191 209 228 
197.1625	67.8350	11 25 36 53 135 226 241 
233.2675	70.7950	24 59 79 97 157 236 253 
177.8600	71.1050	21 38 125 147 172 206 250 
187.4300	65.7650	13 25 47 61 94 115 175 
216.6500	69.8250	13 28 39 123 207 225 245 
247.0925	71.2200	63 80 116 177 191 225 247 
177.8975	66.8350	14 42 140 163 177 191 246 
215.5925	66.4550	19 38 63 179 196 240 252 
184.4250	55.6050	19 39 55 68 91 110 254 
182.8975	52.9750	11 30 51 68 89 103 128 
211.4650	70.2100	17 30 101 140 161 180 207 
213.0450	58.7200	102 135 166 181 205 231 253 
245.6225	70.2150	15 30 60 70 88 134 225 
236.1650	67.6000	11 31 59 170 228 243 254 
183.5650	64.3850	17 29 54 70 87 115 172 
220.2400	74.1750	24 38 84 98 125 180 206 
222.6775	73.7250	16 57 73 89 104 180 253 
217.8000	75.4300	51 84 112 164 190 234 250 
180.9225	71.3750	21 43 75 99 135 172 192 
189.9450	72.6700	50 69 129 166 205 241 254 
219.3025	70.4600	65 84 121 188 227 241 254 
213.4475	67.4950	66 80 102 140 161 179 206 
244.1100	70.3250	21 32 62 80 176 233 250 
185.0975	52.6300	122 161 179 205 223 238 253 
235.9475	66.5400	27 49 73 184 210 233 247 
225.0975	69.7400	15 33 103 176 189 206 247 
214.2300	67.8400	16 28 58 143 226 238 250 
228.4850	71.1100	66 81 101 146 173 230 243 
204.5250	58.1950	112 128 170 190 219 233 252 
211.4675	53.9150	21 37 63 73 90 239 253 
228.6525	64.0800	11 26 43 60 98 219 245 
246.4025	69.5500	17 88 175 191 210 232 246 
198.1050	71.6050	27 37 55 66 110 186 253 
243.6900	74.9450	23 64 88 110 135 179 219 
238.5375	60.0300	14 39 57 73 207 230 252 
194.9650	67.1950	16 34 62 89 116 150 181 
224.6575	71.8000	31 74 121 140 163 226 240 
205.9900	61.8150	99 127 157 192 210 225 253 
231.6900	73.2600	51 81 98 161 209 233 251 
230.0075	69.9350	26 42 78 175 199 220 235 
152.8625	68.1250	23 34 49 65 125 164 188 
214.3250	71.1650	11 33 52 103 129 181 246 
185.2525	60.9200	17 39 157 199 223 234 246 
234.1000	65.3650	16 30 42 79 195 232 251 
193.5425	69.1500	28 38 53 65 159 180 210 
215.8850	69.0350	14 30 47 72 149 179 205 
201.6175	68.4450	32 49 102 123 149 240 252 
195.9475	65.8550	19 35 54 168 217 234 246 
217.0200	71.9500	17 29 91 104 127 148 215 
216.1850	58.4900	13 27 39 54 75 91 223 
219.7025	71.6450	60 72 113 130 169 192 221 
214.8025	68.6400	24 94 127 149 228 241 254 
221.3825	69.1100	61 129 157 178 225 236 254 
194.3375	51.6050	13 34 49 65 221 235 254 
223.5925	73.7900	58 99 173 194 217 236 250 
198.3450	71.8950	23 35 51 68 152 184 219 
209.7125	69.3850	64 80 103 129 149 188 253 
227.8750	59.6050	14 50 64 74 104 234 246 
224.6575	73.3400	25 68 103 161 178 205 225 
185.4700	48.8000	130 159 184 199 225 235 253 
197.4650	48.6750	15 28 43 59 72 98 254 
185.0600	60.6450	11 25 38 60 78 121 161 
212.4425	67.9050	17 29 54 84 122 161 246 
213.7300	58.7500	11 24 52 70 217 239 251 
198.6300	69.9600	26 43 66 78 96 115 194 
193.4875	72.7100	47 59 73 97 140 169 199 
235.0100	71.1100	22 73 91 112 178 223 240 
210.0125	68.5000	55 74 101 125 223 238 251 
218.6575	72.5150	67 91 128 181 209 240 252 
181.3450	62.1100	14 36 51 172 186 199 218 
204.7025	71.6750	54 146 177 199 219 230 243 
223.9450	60.9550	97 116 180 192 218 230 245 
226.6625	71.9150	23 95 159 177 191 232 253 
192.6100	70.7250	36 96 117 143 172 206 232 
214.5350	61.8950	96 130 163 179 203 219 254 
224.5500	74.8050	35 88 110 150 207 241 253 
209.0425	67.2150	16 102 140 161 177 189 238 
197.4600	69.4600	34 62 122 178 190 238 252 
202.1375	70.7750	19 37 55 129 221 234 246 
218.1125	70.1700	16 28 39 57 73 169 243 
207.3900	74.2800	52 110 166 188 210 234 247 
188.0475	70.9850	13 42 140 172 207 233 254 
182.3475	68.7850	49 134 157 176 189 227 253 
209.8650	69.8600	35 60 101 125 223 239 254 
233.5450	71.7650	23 87 161 203 221 238 250 
203.5525	68.7000	23 94 115 134 157 239 251 
234.1075	70.6050	19 35 50 62 88 189 229 
206.8775	71.6300	38 57 130 166 196 228 239 
210.9650	74.0550	57 67 80 96 125 164 209 
208.5225	69.9350	22 66 147 203 224 236 251 
212.6925	67.5350	31 61 74 91 123 169 253 
171.6525	52.5050	19 42 188 203 223 234 252 
229.8225	72.8200	47 61 72 102 129 210 245 
226.6500	66.7350	23 33 58 97 207 235 249 
180.8750	64.1200	11 28 55 71 99 134 168 
187.9725	70.0800	22 61 123 147 169 184 198 
217.8725	73.2150	42 80 159 186 199 235 254 
193.3775	72.3650	49 121 176 188 203 226 250 
193.3775	62.7300	22 34 62 80 112 129 168 
218.8200	59.7450	22 42 59 69 81 219 234 
213.0550	69.6450	17 29 52 66 95 176 251 
215.1225	63.2900	22 129 150 170 183 229 247 
206.6400	65.9050	62 168 184 206 224 234 249 
201.8250	68.0300	47 60 71 152 176 190 206 
185.2375	61.1150	16 37 57 75 110 129 157 
191.5475	67.5050	17 43 60 71 87 149 180 
204.0825	72.2150	57 117 134 159 206 226 241 
230.6925	73.7450	59 89 102 168 195 241 253 
228.0225	65.9950	16 101 147 179 199 233 249 
204.6150	72.5050	49 67 150 175 205 221 246 
232.3900	66.7450	25 49 60 71 184 207 249 
185.6125	63.3200	16 28 47 169 195 215 236 
227.2550	68.1750	16 90 112 159 184 205 223 
238.2875	74.8800	23 39 73 128 190 224 251 
212.9050	54.7900	24 36 62 205 221 239 254 
189.7400	74.5550	19 33 68 115 146 184 209 
185.0775	62.3700	22 34 53 64 88 130 170 
222.5625	70.3600	68 102 135 176 203 220 247 
193.3400	63.6000	28 134 169 184 203 226 236 
185.1250	69.8050	24 58 101 130 159 176 188 
220.6700	71.1900	36 59 72 175 194 217 238 
212.5750	69.4050	11 26 94 122 143 169 229 
243.1075	70.8150	13 26 61 84 135 234 252 
207.4700	72.3500	71 101 125 159 178 192 243 
221.0950	67.0750	25 43 60 75 103 150 250 
180.9750	55.2250	33 49 60 70 91 110 129 
229.1375	70.7000	11 30 72 91 148 233 253 
214.8575	72.9550	47 60 84 140 163 203 249 
208.1050	71.4900	23 38 58 140 169 232 252 
227.7000	70.8200	19 37 88 101 121 205 249 
184.6550	57.0400	24 35 170 188 218 234 254 
215.4600	64.8650	39 54 69 88 199 223 245 
213.5100	65.6150	14 36 52 88 104 133 241 
247.5500	74.5800	14 31 62 87 148 195 221 
216.5600	75.0500	30 53 95 116 164 199 235 
237.2650	65.3650	15 33 49 60 84 199 245 
207.4100	75.9850	21 33 78 127 150 192 217 
186.0550	70.6300	69 101 122 149 169 189 218 
230.5800	71.2450	17 87 163 203 223 239 251 
196.7700	52.2350	22 36 55 70 84 102 252 
251.8375	69.9750	17 90 147 195 214 230 247 
208.0325	71.5200	23 35 50 96 168 232 254 
207.9175	68.0900	26 81 115 140 161 177 254 
200.5650	53.4050	24 34 55 203 219 236 249 
232.4400	60.9000	11 27 37 60 189 233 245 
177.6475	62.7550	21 38 57 75 98 133 166 
232.8425	70.1400	58 75 148 181 194 227 250 
230.0975	71.7150	13 60 72 98 121 178 250 
240.6125	69.2900	11 51 79 180 195 223 251 
213.9850	66.9250	70 91 168 191 215 228 239 
228.3700	73.4300	25 80 122 163 186 233 252 
174.5300	57.8400	17 42 61 75 92 121 147 
178.7125	55.2300	25 36 64 75 95 112 135 
217.4350	70.8150	70 95 122 178 192 217 249 
204.6975	58.9300	21 51 180 206 226 241 253 
202.0925	71.5800	11 26 47 103 146 170 235 
213.6675	68.6750	15 34 58 73 92 117 214 
173.0875	69.8500	16 35 66 101 135 175 187 
245.7150	61.9050	11 25 62 78 206 233 254 
217.4900	51.3800	21 32 51 63 220 233 245 
210.0125	71.4500	16 29 65 75 102 175 194 
209.6175	66.6750	66 169 184 196 225 240 254 
207.7100	70.9150	57 70 149 169 187 206 230 
228.3975	72.4400	13 30 71 104 125 149 229 
215.2800	66.7750	70 92 180 206 224 240 253 
216.3950	69.7600	26 37 54 69 84 175 246 
188.7900	53.4450	121 147 178 205 223 236 252 
185.5525	54.6100	11 28 38 55 66 89 134 
209.6375	75.5500	14 37 68 113 173 205 221 
233.3850	76.2500	23 34 91 116 184 226 247 
223.5700	68.0150	47 60 73 102 127 232 245 
228.5450	60.5550	16 36 57 181 214 228 252 
224.4825	53.7750	23 37 59 70 224 240 254 
213.3700	72.7600	17 69 95 148 175 226 253 
219.2450	65.4150	16 34 49 64 179 214 232 
226.5000	71.6900	63 81 127 161 176 233 252 
235.2500	72.5300	31 79 96 148 179 195 215 
226.3125	67.1550	16 30 55 67 176 228 253 
234.9900	73.6400	13 38 70 102 176 224 240 
213.8225	71.5050	23 33 57 68 90 169 217 
204.2050	63.5650	13 25 42 66 189 238 254 
217.7125	72.4250	16 34 58 104 135 194 229 
209.8500	59.1450	102 127 152 186 210 228 246 
204.4650	67.0000	22 33 52 66 92 113 220 
210.7625	72.9550	22 38 70 99 189 225 235 
218.1975	68.9100	79 99 123 147 169 186 231 
202.3150	52.5800	21 37 55 206 224 241 254 
243.3625	63.9500	13 42 61 78 199 231 250 
215.8675	71.4750	19 57 113 133 214 230 244 
199.4675	72.5150	35 55 125 179 220 235 251 
227.1000	69.2550	13 27 37 112 180 227 239 
204.5600	61.8250	32 50 172 189 214 226 246 
225.7350	59.9200	15 28 39 78 102 231 244 
185.3725	52.9050	127 147 168 190 214 232 249 
235.2725	66.9200	16 89 159 196 224 241 254 
203.1675	55.0500	11 25 36 54 194 234 252 
203.8450	71.9100	14 27 44 61 150 192 254 
203.3950	72.9950	26 66 117 166 187 234 253 
219.1000	60.9850	101 161 180 203 220 231 251 
180.4375	53.8150	117 152 175 195 223 235 249 
169.0125	62.3200	38 55 67 79 101 134 161 
196.1550	68.5200	51 87 116 134 157 241 254 
261.3175	75.3750	24 58 74 103 179 225 245 
228.2975	74.1200	16 28 92 143 176 196 250 
232.2950	64.3850	90 173 187 215 228 239 253 
220.2750	57.9900	22 36 54 72 214 229 254 
194.9975	68.3000	23 33 121 175 196 224 243 
194.5900	64.3250	17 31 53 66 96 140 250 
228.4950	68.5850	28 42 62 80 134 227 249 
175.3000	53.2350	21 33 49 191 217 235 252 
222.0450	73.7500	11 66 99 150 187 215 229 
221.9725	66.9950	23 37 102 188 209 224 249 
218.7400	75.2800	14 58 122 157 210 240 252 
238.6175	67.5500	22 61 74 95 209 241 254 
239.4600	74.0200	17 30 75 99 168 221 241 
215.5500	71.6550	17 75 94 121 159 210 244 
168.6300	69.8450	21 31 51 66 117 157 181 
209.6425	71.0100	15 65 161 176 194 238 251 
183.9400	61.9200	13 27 43 67 89 133 164 
171.9050	64.3400	11 26 44 68 91 127 172 
190.3175	52.3050	17 30 52 67 80 95 123 
203.6300	69.5150	31 51 102 129 149 173 236 
227.3775	64.3900	13 112 191 209 224 235 247 
216.6450	72.9700	51 91 134 157 179 206 246 
264.1575	74.6800	32 63 80 96 173 218 247 
207.7275	73.8200	22 60 113 143 176 192 215 
198.7550	58.6050	24 43 175 189 210 231 246 
216.9900	70.0050	73 102 146 169 183 195 249 
184.3750	70.7500	19 37 122 149 178 194 239 
205.1375	77.1000	47 68 96 117 149 180 226 
224.4000	74.8250	22 47 74 140 176 203 221 
233.0300	76.5250	36 57 75 143 180 199 247 
213.3700	67.7600	17 47 63 97 116 226 247 
209.5700	73.1500	15 53 123 176 207 225 245 
187.8925	62.0350	17 34 50 178 190 209 250 
206.1525	64.4650	17 31 140 163 203 228 254 
205.7850	54.2900	21 157 180 196 218 230 243 
178.5400	60.7700	11 28 43 65 88 123 161 
197.7925	55.7050	16 32 164 178 196 220 246 
183.8450	69.4900	16 32 47 60 104 125 186 
204.3325	70.9550	21 31 53 127 207 225 239 
197.5700	70.5550	51 72 94 135 170 199 219 
230.5900	71.3950	61 73 112 130 164 210 236 
218.5650	65.1550	90 115 130 152 186 209 232 
205.9475	61.6100	99 123 152 189 215 236 253 
220.1025	69.7300	19 30 44 89 148 168 247 
223.2650	55.1200	21 32 58 194 219 231 249 
236.9500	71.5450	11 26 61 90 102 147 234 
190.0100	73.3550	52 69 84 128 161 184 203 
215.9300	72.3750	11 34 102 129 168 203 225 
231.5425	72.7700	63 103 130 187 207 229 240 
219.5950	64.7200	14 27 116 143 215 227 244 
216.1925	69.0000	15 30 51 65 166 229 251 
190.6775	70.6550	13 29 44 68 147 184 196 
200.3025	50.8650	13 29 50 203 219 231 244 
215.2025	69.2250	59 129 186 205 226 238 251 
224.2125	64.3750	84 149 192 209 230 241 253 
229.9575	64.7350	16 53 66 186 206 229 249 
220.8725	57.2600	11 64 196 217 228 241 254 
214.6550	67.8650	23 37 57 113 189 235 252 
206.9475	57.5650	113 148 168 184 198 226 247 
186.1300	76.2550	42 66 98 125 146 194 217 
215.2600	70.5150	31 49 102 148 229 240 252 
223.6250	58.8300	103 169 183 195 218 231 252 
189.6700	66.5950	17 49 62 87 98 121 179 
180.0550	54.0350	121 147 166 194 219 234 250 
229.4325	71.8400	68 97 116 196 215 230 251 
220.1250	61.9250	21 42 63 187 207 224 245 
220.9275	56.7500	11 50 64 80 97 235 254 
220.2175	71.3350	63 97 168 199 224 235 251 
241.0075	70.3400	21 61 72 128 218 230 249 
243.1825	60.8650	13 28 58 74 104 233 247 
187.0650	57.3200	110 127 149 170 187 199 234 
229.3075	65.9200	14 26 47 87 133 233 252 
205.6575	63.8450	13 102 125 159 184 210 245 
189.0475	68.5950	16 31 59 110 135 172 184 
263.1650	73.5100	15 30 60 84 170 203 235 
204.7625	71.1300	11 27 44 60 103 178 192 
223.9750	65.4200	84 101 125 159 203 219 244 
205.9625	68.7350	11 28 52 64 74 99 195 
206.0475	72.4950	55 69 146 176 206 221 234 
194.6800	69.4300	39 115 191 209 225 235 247 
# Finished in 36.31 seconds (1000 libraries, 200000 chimeras)
