# Fields are number, contacting residues i & j (in library coordinates), and residues i & j (in PDB coordinates)
# n	i	j	pdbi	pdbj
0	0	1	34	35
1	1	2	35	36
2	1	5	35	39
3	1	7	35	41
4	1	368	35	400
5	2	3	36	37
6	2	5	36	39
7	2	368	36	400
8	3	4	37	38
9	4	5	38	39
10	5	6	39	40
11	5	363	39	395
12	5	368	39	400
13	6	7	40	41
14	7	8	41	42
15	7	43	41	77
16	7	367	41	399
17	8	9	42	43
18	8	41	42	75
19	8	42	42	76
20	8	43	42	77
21	8	52	42	86
22	8	367	42	399
23	8	368	42	400
24	8	369	42	401
25	9	10	43	44
26	9	11	43	45
27	9	41	43	75
28	9	42	43	76
29	9	43	43	77
30	9	367	43	399
31	10	11	44	45
32	10	19	44	53
33	10	43	44	77
34	10	45	44	79
35	11	12	45	46
36	11	19	45	53
37	11	34	45	68
38	11	38	45	72
39	12	13	46	47
40	12	14	46	48
41	12	19	46	53
42	13	14	47	48
43	13	18	47	52
44	13	19	47	53
45	14	15	48	49
46	14	17	48	51
47	14	18	48	52
48	15	16	49	50
49	15	17	49	51
50	16	17	50	51
51	16	47	50	81
52	17	18	51	52
53	17	20	51	54
54	17	21	51	55
55	17	47	51	81
56	17	205	51	239
57	18	19	52	53
58	18	45	52	79
59	19	20	53	54
60	19	22	53	56
61	19	44	53	78
62	19	45	53	79
63	20	21	54	55
64	20	22	54	56
65	20	46	54	80
66	20	201	54	235
67	20	205	54	239
68	21	22	55	56
69	22	23	56	57
70	22	24	56	58
71	22	30	56	64
72	23	24	57	58
73	23	27	57	61
74	23	30	57	64
75	23	31	57	65
76	23	44	57	78
77	23	46	57	80
78	24	25	58	59
79	25	26	59	60
80	25	27	59	61
81	25	463	59	495
82	26	27	60	61
83	26	28	60	62
84	26	29	60	63
85	26	463	60	495
86	27	28	61	62
87	27	31	61	65
88	27	352	61	384
89	27	463	61	495
90	28	29	62	63
91	28	32	62	66
92	28	351	62	383
93	28	352	62	384
94	28	378	62	410
95	28	380	62	412
96	28	463	62	495
97	28	467	62	499
98	29	30	63	64
99	29	32	63	66
100	29	33	63	67
101	29	380	63	412
102	30	31	64	65
103	30	32	64	66
104	30	33	64	67
105	31	32	65	66
106	31	33	65	67
107	31	34	65	68
108	31	35	65	69
109	31	44	65	78
110	31	53	65	87
111	31	352	65	384
112	31	376	65	408
113	31	378	65	410
114	32	33	66	67
115	32	35	66	69
116	32	36	66	70
117	32	378	66	410
118	32	380	66	412
119	32	381	66	413
120	33	34	67	68
121	33	35	67	69
122	33	36	67	70
123	34	35	68	69
124	34	36	68	70
125	34	37	68	71
126	34	38	68	72
127	34	42	68	76
128	34	44	68	78
129	35	36	69	70
130	35	37	69	71
131	35	39	69	73
132	35	42	69	76
133	35	55	69	89
134	35	381	69	413
135	36	37	70	71
136	36	381	70	413
137	36	386	70	418
138	37	38	71	72
139	38	39	72	73
140	38	42	72	76
141	39	40	73	74
142	39	41	73	75
143	40	41	74	75
144	40	56	74	90
145	40	59	74	93
146	40	365	74	397
147	41	42	75	76
148	41	52	75	86
149	41	54	75	88
150	41	59	75	93
151	41	364	75	396
152	41	365	75	397
153	41	367	75	399
154	42	43	76	77
155	42	44	76	78
156	42	52	76	86
157	42	53	76	87
158	43	44	77	78
159	43	45	77	79
160	43	50	77	84
161	43	51	77	85
162	43	52	77	86
163	44	45	78	79
164	44	46	78	80
165	44	51	78	85
166	44	53	78	87
167	45	46	79	80
168	45	47	79	81
169	45	48	79	82
170	45	49	79	83
171	45	50	79	84
172	46	47	80	81
173	46	51	80	85
174	46	199	80	233
175	46	204	80	238
176	46	205	80	239
177	46	376	80	408
178	47	48	81	82
179	47	205	81	239
180	48	49	82	83
181	48	50	82	84
182	49	50	83	84
183	49	51	83	85
184	49	204	83	238
185	50	51	84	85
186	51	52	85	86
187	51	204	85	238
188	51	374	85	406
189	51	376	85	408
190	52	53	86	87
191	52	54	86	88
192	52	71	86	105
193	52	364	86	396
194	52	369	86	401
195	52	373	86	405
196	52	375	86	407
197	53	54	87	88
198	53	55	87	89
199	54	55	88	89
200	54	59	88	93
201	54	60	88	94
202	54	63	88	97
203	54	364	88	396
204	54	375	88	407
205	55	56	89	90
206	55	60	89	94
207	55	381	89	413
208	55	382	89	414
209	56	57	90	91
210	56	58	90	92
211	56	59	90	93
212	56	60	90	94
213	56	381	90	413
214	56	382	90	414
215	56	385	90	417
216	56	387	90	419
217	57	58	91	92
218	57	60	91	94
219	57	382	91	414
220	57	415	91	447
221	57	417	91	449
222	57	421	91	453
223	58	59	92	93
224	58	60	92	94
225	58	61	92	95
226	59	60	93	94
227	59	61	93	95
228	59	62	93	96
229	59	364	93	396
230	59	365	93	397
231	60	61	94	95
232	60	62	94	96
233	60	64	94	98
234	60	377	94	409
235	60	382	94	414
236	60	417	94	449
237	60	421	94	453
238	61	62	95	96
239	61	63	95	97
240	61	65	95	99
241	61	66	95	100
242	61	421	95	453
243	62	63	96	97
244	62	66	96	100
245	62	67	96	101
246	62	364	96	396
247	63	64	97	98
248	63	67	97	101
249	63	71	97	105
250	63	364	97	396
251	64	65	98	99
252	64	68	98	102
253	64	71	98	105
254	64	356	98	388
255	64	377	98	409
256	64	417	98	449
257	64	421	98	453
258	64	422	98	454
259	65	66	99	100
260	65	67	99	101
261	65	68	99	102
262	65	421	99	453
263	65	422	99	454
264	66	67	100	101
265	67	68	101	102
266	67	69	101	103
267	67	70	101	104
268	67	71	101	105
269	67	362	101	394
270	67	363	101	395
271	67	364	101	396
272	68	69	102	103
273	68	70	102	104
274	68	423	102	455
275	69	70	103	104
276	69	72	103	106
277	69	359	103	391
278	69	360	103	392
279	69	423	103	455
280	70	71	104	105
281	70	358	104	390
282	70	359	104	391
283	70	360	104	392
284	70	362	104	394
285	71	72	105	106
286	71	356	105	388
287	71	358	105	390
288	71	362	105	394
289	71	364	105	396
290	71	369	105	401
291	71	375	105	407
292	72	73	106	107
293	72	95	106	129
294	72	99	106	133
295	72	356	106	388
296	72	359	106	391
297	72	423	106	455
298	72	424	106	456
299	73	74	107	108
300	73	95	107	129
301	73	356	107	388
302	73	357	107	389
303	73	359	107	391
304	73	424	107	456
305	74	75	108	109
306	74	90	108	124
307	74	91	108	125
308	74	92	108	126
309	74	93	108	127
310	74	354	108	386
311	74	355	108	387
312	74	356	108	388
313	74	357	108	389
314	74	424	108	456
315	75	76	109	110
316	75	77	109	111
317	75	93	109	127
318	75	355	109	387
319	75	356	109	388
320	75	357	109	389
321	75	374	109	406
322	76	77	110	111
323	76	81	110	115
324	76	93	110	127
325	77	78	111	112
326	77	79	111	113
327	77	80	111	114
328	77	81	111	115
329	77	203	111	237
330	77	204	111	238
331	77	355	111	387
332	78	79	112	113
333	78	80	112	114
334	78	81	112	115
335	78	82	112	116
336	78	202	112	236
337	78	203	112	237
338	78	209	112	243
339	78	216	112	250
340	78	220	112	254
341	79	80	113	114
342	79	81	113	115
343	79	82	113	116
344	79	83	113	117
345	79	195	113	229
346	79	200	113	234
347	79	202	113	236
348	79	203	113	237
349	79	219	113	253
350	80	81	114	115
351	80	82	114	116
352	80	83	114	117
353	80	91	114	125
354	81	82	115	116
355	82	83	116	117
356	82	216	116	250
357	82	219	116	253
358	82	220	116	254
359	82	223	116	257
360	83	84	117	118
361	83	88	117	122
362	83	91	117	125
363	83	192	117	226
364	83	196	117	230
365	83	219	117	253
366	83	223	117	257
367	84	85	118	119
368	84	88	118	122
369	84	223	118	257
370	84	226	118	260
371	84	227	118	261
372	84	280	118	312
373	85	86	119	120
374	85	87	119	121
375	85	227	119	261
376	85	277	119	309
377	85	280	119	312
378	86	87	120	121
379	87	88	121	122
380	87	92	121	126
381	87	102	121	136
382	87	274	121	306
383	87	277	121	309
384	88	89	122	123
385	88	90	122	124
386	88	91	122	125
387	88	92	122	126
388	88	102	122	136
389	88	281	122	313
390	89	90	123	124
391	89	99	123	133
392	89	102	123	136
393	89	103	123	137
394	89	106	123	140
395	89	278	123	310
396	89	281	123	313
397	90	91	124	125
398	90	281	124	313
399	90	354	124	386
400	91	92	125	126
401	91	192	125	226
402	91	196	125	230
403	91	354	125	386
404	91	465	125	497
405	92	93	126	127
406	92	94	126	128
407	93	94	127	128
408	94	95	128	129
409	94	96	128	130
410	94	98	128	132
411	94	99	128	133
412	95	96	129	130
413	95	99	129	133
414	95	359	129	391
415	95	424	129	456
416	96	97	130	131
417	97	98	131	132
418	97	99	131	133
419	97	100	131	134
420	97	263	131	297
421	97	264	131	298
422	98	99	132	133
423	98	100	132	134
424	98	101	132	135
425	98	102	132	136
426	98	263	132	297
427	98	274	132	306
428	99	100	133	134
429	99	102	133	136
430	99	103	133	137
431	99	423	133	455
432	99	424	133	456
433	100	101	134	135
434	100	103	134	137
435	101	102	135	136
436	101	103	135	137
437	101	104	135	138
438	101	105	135	139
439	101	263	135	297
440	101	270	135	302
441	102	103	136	137
442	102	104	136	138
443	102	105	136	139
444	102	106	136	140
445	102	274	136	306
446	102	277	136	309
447	102	278	136	310
448	103	104	137	138
449	103	105	137	139
450	103	106	137	140
451	103	107	137	141
452	103	423	137	455
453	103	424	137	456
454	103	425	137	457
455	103	427	137	459
456	104	105	138	139
457	104	106	138	140
458	104	107	138	141
459	104	108	138	142
460	105	106	139	140
461	105	107	139	141
462	105	253	139	287
463	105	256	139	290
464	105	261	139	295
465	105	275	139	307
466	105	278	139	310
467	106	107	140	141
468	106	110	140	144
469	106	278	140	310
470	106	282	140	314
471	106	427	140	459
472	107	108	141	142
473	107	110	141	144
474	107	111	141	145
475	107	427	141	459
476	108	109	142	143
477	108	110	142	144
478	108	111	142	145
479	108	112	142	146
480	109	110	143	144
481	109	111	143	145
482	109	112	143	146
483	109	249	143	283
484	109	252	143	286
485	109	253	143	287
486	110	111	144	145
487	110	114	144	148
488	110	249	144	283
489	110	282	144	314
490	110	427	144	459
491	110	428	144	460
492	110	431	144	463
493	111	112	145	146
494	111	113	145	147
495	111	114	145	148
496	111	115	145	149
497	111	116	145	150
498	112	113	146	147
499	112	116	146	150
500	112	126	146	160
501	113	114	147	148
502	113	126	147	160
503	113	169	147	203
504	113	246	147	280
505	113	247	147	281
506	113	248	147	282
507	113	249	147	283
508	113	252	147	286
509	114	115	148	149
510	114	125	148	159
511	114	126	148	160
512	114	127	148	161
513	114	169	148	203
514	114	431	148	463
515	115	116	149	150
516	115	125	149	159
517	115	430	149	462
518	115	431	149	463
519	115	434	149	466
520	116	117	150	151
521	116	125	150	159
522	117	118	151	152
523	117	119	151	153
524	117	124	151	158
525	117	125	151	159
526	117	126	151	160
527	118	119	152	153
528	118	120	152	154
529	118	121	152	155
530	118	125	152	159
531	118	126	152	160
532	118	129	152	163
533	119	120	153	154
534	119	121	153	155
535	119	126	153	160
536	120	121	154	155
537	121	122	155	156
538	121	123	155	157
539	121	124	155	158
540	121	129	155	163
541	122	123	156	157
542	123	124	157	158
543	124	125	158	159
544	124	128	158	162
545	124	129	158	163
546	125	126	159	160
547	125	127	159	161
548	125	128	159	162
549	125	129	159	163
550	125	327	159	359
551	125	434	159	466
552	126	127	160	161
553	126	128	160	162
554	126	129	160	163
555	126	130	160	164
556	127	128	161	162
557	127	129	161	163
558	127	131	161	165
559	127	165	161	199
560	127	169	161	203
561	127	431	161	463
562	127	434	161	466
563	127	435	161	467
564	128	129	162	163
565	128	132	162	166
566	128	326	162	358
567	128	327	162	359
568	128	438	162	470
569	129	130	163	164
570	129	132	163	166
571	130	131	164	165
572	130	133	164	167
573	130	165	164	199
574	130	168	164	202
575	130	169	164	203
576	131	132	165	166
577	131	133	165	167
578	131	134	165	168
579	131	135	165	169
580	131	165	165	199
581	131	435	165	467
582	131	438	165	470
583	131	439	165	471
584	132	133	166	167
585	132	438	166	470
586	133	134	167	168
587	133	136	167	170
588	134	135	168	169
589	134	138	168	172
590	134	141	168	175
591	134	160	168	194
592	134	161	168	195
593	134	164	168	198
594	134	165	168	199
595	134	439	168	471
596	135	136	169	170
597	135	137	169	171
598	135	138	169	172
599	135	139	169	173
600	135	439	169	471
601	135	442	169	474
602	136	137	170	171
603	136	138	170	172
604	136	139	170	173
605	136	324	170	356
606	137	138	171	172
607	137	139	171	173
608	137	140	171	174
609	137	141	171	175
610	138	139	172	173
611	138	140	172	174
612	138	141	172	175
613	138	142	172	176
614	138	161	172	195
615	138	439	172	471
616	138	443	172	475
617	139	140	173	174
618	139	141	173	175
619	139	142	173	176
620	139	143	173	177
621	139	324	173	356
622	139	442	173	474
623	139	443	173	475
624	139	446	173	478
625	139	447	173	479
626	139	479	173	511
627	140	141	174	175
628	140	142	174	176
629	140	144	174	178
630	141	142	175	176
631	141	144	175	178
632	141	145	175	179
633	141	157	175	191
634	141	160	175	194
635	141	161	175	195
636	142	143	176	177
637	142	144	176	178
638	142	145	176	179
639	142	146	176	180
640	142	152	176	186
641	142	157	176	191
642	142	447	176	479
643	142	449	176	481
644	142	477	176	509
645	143	144	177	178
646	143	145	177	179
647	143	146	177	180
648	143	447	177	479
649	143	479	177	511
650	144	145	178	179
651	144	146	178	180
652	144	147	178	181
653	145	146	179	180
654	145	148	179	182
655	145	149	179	183
656	145	152	179	186
657	145	157	179	191
658	146	147	180	181
659	146	148	180	182
660	146	150	180	184
661	146	151	180	185
662	146	152	180	186
663	146	476	180	508
664	146	477	180	509
665	147	148	181	182
666	148	149	182	183
667	148	150	182	184
668	149	150	183	184
669	149	151	183	185
670	150	151	184	185
671	150	476	184	508
672	151	152	185	186
673	151	473	185	505
674	151	474	185	506
675	151	475	185	507
676	152	153	186	187
677	152	154	186	188
678	152	157	186	191
679	152	449	186	481
680	152	473	186	505
681	152	475	186	507
682	152	476	186	508
683	152	477	186	509
684	153	154	187	188
685	153	155	187	189
686	153	156	187	190
687	153	471	187	503
688	153	472	187	504
689	153	473	187	505
690	154	155	188	189
691	154	156	188	190
692	154	158	188	192
693	154	298	188	330
694	154	299	188	331
695	154	472	188	504
696	154	475	188	507
697	155	156	189	190
698	155	158	189	192
699	155	159	189	193
700	155	189	189	223
701	155	288	189	320
702	155	291	189	323
703	155	295	189	327
704	155	468	189	500
705	155	471	189	503
706	156	157	190	191
707	156	159	190	193
708	156	187	190	221
709	156	471	190	503
710	157	158	191	192
711	158	159	192	193
712	158	160	192	194
713	158	162	192	196
714	158	291	192	323
715	158	294	192	326
716	158	298	192	330
717	159	160	193	194
718	159	163	193	197
719	159	186	193	220
720	159	187	193	221
721	159	287	193	319
722	159	291	193	323
723	160	161	194	195
724	160	163	194	197
725	160	164	194	198
726	160	183	194	217
727	161	162	195	196
728	161	163	195	197
729	161	164	195	198
730	161	165	195	199
731	161	439	195	471
732	162	163	196	197
733	162	164	196	198
734	162	165	196	199
735	162	166	196	200
736	162	287	196	319
737	162	290	196	322
738	162	291	196	323
739	162	294	196	326
740	162	435	196	467
741	163	164	197	198
742	163	165	197	199
743	163	166	197	200
744	163	175	197	209
745	163	182	197	216
746	163	186	197	220
747	163	287	197	319
748	164	165	198	199
749	164	175	198	209
750	164	177	198	211
751	165	166	199	200
752	165	167	199	201
753	165	169	199	203
754	165	435	199	467
755	165	439	199	471
756	166	167	200	201
757	166	168	200	202
758	166	169	200	203
759	166	170	200	204
760	166	282	200	314
761	166	283	200	315
762	166	287	200	319
763	167	168	201	202
764	167	170	201	204
765	167	171	201	205
766	167	175	201	209
767	167	283	201	315
768	168	169	202	203
769	168	170	202	204
770	168	172	202	206
771	169	170	203	204
772	169	248	203	282
773	169	249	203	283
774	169	431	203	463
775	170	171	204	205
776	170	248	204	282
777	170	249	204	283
778	170	250	204	284
779	170	282	204	314
780	170	283	204	315
781	171	172	205	206
782	171	174	205	208
783	171	175	205	209
784	171	230	205	264
785	171	233	205	267
786	171	234	205	268
787	171	237	205	271
788	171	248	205	282
789	171	250	205	284
790	171	279	205	311
791	171	283	205	315
792	172	173	206	207
793	172	174	206	208
794	172	248	206	282
795	173	174	207	208
796	173	175	207	209
797	174	175	208	209
798	174	176	208	210
799	174	236	208	270
800	174	237	208	271
801	174	240	208	274
802	175	176	209	210
803	175	177	209	211
804	175	182	209	216
805	175	229	209	263
806	175	283	209	315
807	176	177	210	211
808	176	178	210	212
809	176	179	210	213
810	176	229	210	263
811	177	178	211	212
812	177	182	211	216
813	178	179	212	213
814	179	180	213	214
815	179	181	213	215
816	179	182	213	216
817	179	183	213	217
818	179	229	213	263
819	180	181	214	215
820	180	183	214	217
821	180	184	214	218
822	181	182	215	216
823	181	184	215	218
824	181	228	215	262
825	181	229	215	263
826	181	232	215	266
827	182	183	216	217
828	182	184	216	218
829	182	185	216	219
830	182	186	216	220
831	182	229	216	263
832	183	184	217	218
833	183	185	217	219
834	183	186	217	220
835	183	187	217	221
836	184	185	218	219
837	184	188	218	222
838	185	186	219	220
839	185	187	219	221
840	185	222	219	256
841	185	225	219	259
842	185	226	219	260
843	185	229	219	263
844	186	187	220	221
845	186	188	220	222
846	186	189	220	223
847	186	283	220	315
848	186	287	220	319
849	187	188	221	222
850	188	189	222	223
851	188	190	222	224
852	188	191	222	225
853	188	222	222	256
854	189	190	223	224
855	189	191	223	225
856	189	192	223	226
857	189	222	223	256
858	189	287	223	319
859	189	288	223	320
860	189	468	223	500
861	190	191	224	225
862	190	192	224	226
863	190	193	224	227
864	190	194	224	228
865	191	192	225	226
866	191	218	225	252
867	191	219	225	253
868	191	222	225	256
869	192	193	226	227
870	192	196	226	230
871	192	219	226	253
872	192	222	226	256
873	192	223	226	257
874	192	465	226	497
875	193	194	227	228
876	193	195	227	229
877	193	288	227	320
878	193	464	227	496
879	193	465	227	497
880	193	466	227	498
881	194	195	228	229
882	194	197	228	231
883	194	462	228	494
884	194	464	228	496
885	195	196	229	230
886	195	197	229	231
887	195	200	229	234
888	195	215	229	249
889	195	219	229	253
890	196	197	230	231
891	196	219	230	253
892	196	465	230	497
893	197	198	231	232
894	197	200	231	234
895	197	463	231	495
896	197	464	231	496
897	197	465	231	497
898	198	199	232	233
899	198	352	232	384
900	198	355	232	387
901	198	376	232	408
902	198	463	232	495
903	199	200	233	234
904	199	201	233	235
905	199	204	233	238
906	199	376	233	408
907	200	201	234	235
908	200	202	234	236
909	200	203	234	237
910	200	204	234	238
911	201	202	235	236
912	201	203	235	237
913	201	205	235	239
914	201	208	235	242
915	202	203	236	237
916	202	208	236	242
917	202	209	236	243
918	202	213	236	247
919	202	216	236	250
920	203	204	237	238
921	203	209	237	243
922	204	205	238	239
923	204	206	238	240
924	204	376	238	408
925	205	206	239	240
926	205	207	239	241
927	205	208	239	242
928	205	209	239	243
929	206	207	240	241
930	206	208	240	242
931	206	209	240	243
932	206	210	240	244
933	207	208	241	242
934	207	209	241	243
935	207	210	241	244
936	208	209	242	243
937	208	210	242	244
938	208	211	242	245
939	209	210	243	244
940	209	216	243	250
941	210	211	244	245
942	210	212	244	246
943	211	212	245	246
944	211	213	245	247
945	212	213	246	247
946	212	214	246	248
947	213	214	247	248
948	213	215	247	249
949	213	216	247	250
950	214	215	248	249
951	214	216	248	250
952	214	217	248	251
953	214	218	248	252
954	215	216	249	250
955	215	218	249	252
956	216	217	250	251
957	216	218	250	252
958	216	219	250	253
959	216	220	250	254
960	217	218	251	252
961	217	219	251	253
962	217	220	251	254
963	218	219	252	253
964	218	222	252	256
965	219	220	253	254
966	219	222	253	256
967	219	223	253	257
968	220	221	254	255
969	220	223	254	257
970	220	224	254	258
971	221	222	255	256
972	221	223	255	257
973	221	224	255	258
974	221	225	255	259
975	222	223	256	257
976	222	225	256	259
977	222	226	256	260
978	223	224	257	258
979	223	226	257	260
980	224	225	258	259
981	224	226	258	260
982	225	226	259	260
983	225	228	259	262
984	226	227	260	261
985	226	228	260	262
986	226	229	260	263
987	226	230	260	264
988	226	280	260	312
989	226	283	260	315
990	226	284	260	316
991	227	228	261	262
992	227	230	261	264
993	227	231	261	265
994	227	280	261	312
995	228	229	262	263
996	228	232	262	266
997	229	230	263	264
998	229	232	263	266
999	229	233	263	267
1000	230	231	264	265
1001	230	232	264	266
1002	230	233	264	267
1003	230	234	264	268
1004	230	279	264	311
1005	230	280	264	312
1006	230	283	264	315
1007	231	232	265	266
1008	231	233	265	267
1009	231	234	265	268
1010	231	235	265	269
1011	232	233	266	267
1012	232	235	266	269
1013	232	236	266	270
1014	233	234	267	268
1015	233	235	267	269
1016	233	236	267	270
1017	233	237	267	271
1018	234	235	268	269
1019	234	236	268	270
1020	234	237	268	271
1021	234	238	268	272
1022	234	250	268	284
1023	234	254	268	288
1024	234	276	268	308
1025	234	279	268	311
1026	235	236	269	270
1027	235	237	269	271
1028	235	238	269	272
1029	235	239	269	273
1030	236	237	270	271
1031	236	238	270	272
1032	236	239	270	273
1033	237	238	271	272
1034	237	239	271	273
1035	237	248	271	282
1036	237	250	271	284
1037	237	251	271	285
1038	237	254	271	288
1039	238	239	272	273
1040	238	240	272	274
1041	238	241	272	275
1042	238	254	272	288
1043	239	240	273	274
1044	240	241	274	275
1045	241	242	275	276
1046	241	243	275	277
1047	241	246	275	280
1048	241	251	275	285
1049	241	254	275	288
1050	241	255	275	289
1051	242	243	276	277
1052	242	244	276	278
1053	242	245	276	279
1054	243	244	277	278
1055	243	255	277	289
1056	243	258	277	292
1057	244	245	278	279
1058	245	246	279	280
1059	245	247	279	281
1060	246	247	280	281
1061	246	251	280	285
1062	246	252	280	286
1063	246	255	280	289
1064	247	248	281	282
1065	248	249	282	283
1066	248	250	282	284
1067	248	251	282	285
1068	249	250	283	284
1069	249	251	283	285
1070	249	252	283	286
1071	249	253	283	287
1072	249	279	283	311
1073	249	282	283	314
1074	250	251	284	285
1075	250	252	284	286
1076	250	253	284	287
1077	250	254	284	288
1078	250	279	284	311
1079	251	252	285	286
1080	251	253	285	287
1081	251	254	285	288
1082	252	253	286	287
1083	252	254	286	288
1084	252	255	286	289
1085	252	256	286	290
1086	253	254	287	288
1087	253	256	287	290
1088	253	257	287	291
1089	253	275	287	307
1090	253	276	287	308
1091	253	278	287	310
1092	253	279	287	311
1093	254	255	288	289
1094	254	256	288	290
1095	254	257	288	291
1096	254	258	288	292
1097	254	276	288	308
1098	255	256	289	290
1099	255	258	289	292
1100	255	259	289	293
1101	256	257	290	291
1102	256	258	290	292
1103	256	259	290	293
1104	256	261	290	295
1105	257	258	291	292
1106	257	259	291	293
1107	257	261	291	295
1108	257	272	291	304
1109	257	275	291	307
1110	257	276	291	308
1111	258	259	292	293
1112	259	260	293	294
1113	259	261	293	295
1114	260	261	294	295
1115	260	269	294	301
1116	261	262	295	296
1117	261	270	295	302
1118	261	275	295	307
1119	262	263	296	297
1120	262	266	296	300
1121	262	269	296	301
1122	262	270	296	302
1123	263	264	297	298
1124	263	265	297	299
1125	263	270	297	302
1126	264	265	298	299
1127	264	266	298	300
1128	265	266	299	300
1129	266	269	300	301
1130	269	270	301	302
1131	269	271	301	303
1132	270	271	302	303
1133	270	274	302	306
1134	270	275	302	307
1135	271	272	303	304
1136	271	273	303	305
1137	271	274	303	306
1138	271	275	303	307
1139	272	273	304	305
1140	272	274	304	306
1141	272	275	304	307
1142	272	276	304	308
1143	273	274	305	306
1144	273	275	305	307
1145	273	277	305	309
1146	274	275	306	307
1147	274	277	306	309
1148	275	276	307	308
1149	275	277	307	309
1150	275	278	307	310
1151	276	277	308	309
1152	276	278	308	310
1153	277	278	309	310
1154	277	279	309	311
1155	277	280	309	312
1156	278	279	310	311
1157	278	280	310	312
1158	278	281	310	313
1159	278	282	310	314
1160	279	280	311	312
1161	279	281	311	313
1162	279	282	311	314
1163	280	281	312	313
1164	281	282	313	314
1165	281	285	313	317
1166	282	283	314	315
1167	283	284	315	316
1168	283	287	315	319
1169	284	285	316	317
1170	285	286	317	318
1171	285	289	317	321
1172	286	287	318	319
1173	286	289	318	321
1174	287	288	319	320
1175	287	291	319	323
1176	288	289	320	321
1177	288	291	320	323
1178	288	292	320	324
1179	288	466	320	498
1180	288	468	320	500
1181	289	290	321	322
1182	289	291	321	323
1183	289	292	321	324
1184	289	349	321	381
1185	289	466	321	498
1186	290	291	322	323
1187	290	292	322	324
1188	290	293	322	325
1189	290	294	322	326
1190	290	432	322	464
1191	290	435	322	467
1192	290	436	322	468
1193	291	292	323	324
1194	291	295	323	327
1195	292	293	324	325
1196	292	295	324	327
1197	292	296	324	328
1198	292	349	324	381
1199	292	466	324	498
1200	292	467	324	499
1201	292	468	324	500
1202	293	294	325	326
1203	293	295	325	327
1204	293	296	325	328
1205	293	297	325	329
1206	293	344	325	376
1207	293	349	325	381
1208	293	436	325	468
1209	294	295	326	327
1210	294	297	326	329
1211	294	298	326	330
1212	294	436	326	468
1213	294	439	326	471
1214	295	296	327	328
1215	295	297	327	329
1216	295	299	327	331
1217	295	469	327	501
1218	296	297	328	329
1219	296	299	328	331
1220	296	300	328	332
1221	296	343	328	375
1222	296	347	328	379
1223	296	349	328	381
1224	296	459	328	491
1225	296	460	328	492
1226	296	461	328	493
1227	296	467	328	499
1228	296	468	328	500
1229	296	469	328	501
1230	297	298	329	330
1231	297	299	329	331
1232	297	300	329	332
1233	297	301	329	333
1234	297	339	329	371
1235	297	343	329	375
1236	297	440	329	472
1237	298	299	330	331
1238	298	300	330	332
1239	298	301	330	333
1240	298	302	330	334
1241	298	440	330	472
1242	298	443	330	475
1243	298	449	330	481
1244	299	300	331	332
1245	299	301	331	333
1246	299	302	331	334
1247	299	303	331	335
1248	299	457	331	489
1249	299	459	331	491
1250	299	469	331	501
1251	299	472	331	504
1252	299	475	331	507
1253	300	301	332	333
1254	300	302	332	334
1255	300	303	332	335
1256	300	304	332	336
1257	300	339	332	371
1258	300	343	332	375
1259	300	346	332	378
1260	300	347	332	379
1261	300	395	332	427
1262	300	459	332	491
1263	301	302	333	334
1264	301	303	333	335
1265	301	304	333	336
1266	301	307	333	339
1267	301	308	333	340
1268	301	311	333	343
1269	301	339	333	371
1270	301	444	333	476
1271	302	303	334	335
1272	302	449	334	481
1273	302	450	334	482
1274	302	451	334	483
1275	302	457	334	489
1276	302	475	334	507
1277	303	304	335	336
1278	303	305	335	337
1279	303	457	335	489
1280	303	459	335	491
1281	304	305	336	337
1282	304	306	336	338
1283	304	307	336	339
1284	304	395	336	427
1285	305	306	337	338
1286	305	307	337	339
1287	305	308	337	340
1288	305	309	337	341
1289	306	307	338	339
1290	306	308	338	340
1291	306	309	338	341
1292	306	310	338	342
1293	307	308	339	340
1294	307	309	339	341
1295	307	310	339	342
1296	307	311	339	343
1297	307	335	339	367
1298	307	339	339	371
1299	307	395	339	427
1300	307	397	339	429
1301	308	309	340	341
1302	308	310	340	342
1303	308	311	340	343
1304	308	312	340	344
1305	308	444	340	476
1306	308	448	340	480
1307	308	449	340	481
1308	309	310	341	342
1309	309	311	341	343
1310	309	312	341	344
1311	310	311	342	343
1312	310	312	342	344
1313	310	313	342	345
1314	310	335	342	367
1315	310	398	342	430
1316	311	312	343	344
1317	311	314	343	346
1318	311	315	343	347
1319	311	335	343	367
1320	311	336	343	368
1321	311	339	343	371
1322	311	444	343	476
1323	312	313	344	345
1324	312	314	344	346
1325	312	447	344	479
1326	312	448	344	480
1327	312	480	344	512
1328	313	314	345	346
1329	313	316	345	348
1330	313	317	345	349
1331	314	315	346	347
1332	314	316	346	348
1333	314	317	346	349
1334	314	318	346	350
1335	314	333	346	365
1336	314	334	346	366
1337	314	335	346	367
1338	314	336	346	368
1339	315	316	347	348
1340	315	319	347	351
1341	315	325	347	357
1342	315	333	347	365
1343	315	441	347	473
1344	315	444	347	476
1345	315	445	347	477
1346	316	317	348	349
1347	316	320	348	352
1348	316	321	348	353
1349	317	318	349	350
1350	318	319	350	351
1351	318	332	350	364
1352	318	333	350	365
1353	319	320	351	352
1354	319	323	351	355
1355	319	324	351	356
1356	319	325	351	357
1357	319	329	351	361
1358	319	333	351	365
1359	319	445	351	477
1360	320	321	352	353
1361	321	322	353	354
1362	321	445	353	477
1363	321	446	353	478
1364	321	480	353	512
1365	321	481	353	513
1366	322	323	354	355
1367	323	324	355	356
1368	323	325	355	357
1369	323	326	355	358
1370	323	329	355	361
1371	323	445	355	477
1372	324	325	356	357
1373	324	442	356	474
1374	324	445	356	477
1375	324	446	356	478
1376	325	326	357	358
1377	325	329	357	361
1378	325	438	357	470
1379	325	441	357	473
1380	325	442	357	474
1381	325	445	357	477
1382	326	327	358	359
1383	326	328	358	360
1384	326	329	358	361
1385	326	437	358	469
1386	326	438	358	470
1387	327	328	359	360
1388	327	329	359	361
1389	327	330	359	362
1390	327	434	359	466
1391	327	437	359	469
1392	327	438	359	470
1393	328	329	360	361
1394	328	331	360	363
1395	328	332	360	364
1396	329	330	361	362
1397	329	331	361	363
1398	329	332	361	364
1399	329	333	361	365
1400	329	437	361	469
1401	330	331	362	363
1402	330	332	362	364
1403	330	337	362	369
1404	330	433	362	465
1405	330	434	362	466
1406	330	437	362	469
1407	331	332	363	364
1408	331	337	363	369
1409	332	333	364	365
1410	332	334	364	366
1411	333	334	365	366
1412	333	335	365	367
1413	333	336	365	368
1414	333	337	365	369
1415	333	437	365	469
1416	334	335	366	367
1417	334	337	366	369
1418	334	406	366	438
1419	334	407	366	439
1420	334	408	366	440
1421	335	336	367	368
1422	335	338	367	370
1423	335	397	367	429
1424	335	398	367	430
1425	335	401	367	433
1426	336	337	368	369
1427	336	338	368	370
1428	336	339	368	371
1429	336	340	368	372
1430	336	437	368	469
1431	336	440	368	472
1432	336	441	368	473
1433	337	338	369	370
1434	337	339	369	371
1435	337	340	369	372
1436	337	341	369	373
1437	337	408	369	440
1438	338	339	370	371
1439	338	340	370	372
1440	338	341	370	373
1441	338	397	370	429
1442	338	400	370	432
1443	338	401	370	433
1444	338	408	370	440
1445	339	340	371	372
1446	339	341	371	373
1447	339	342	371	374
1448	339	343	371	375
1449	339	395	371	427
1450	339	397	371	429
1451	339	440	371	472
1452	340	341	372	373
1453	340	342	372	374
1454	340	343	372	375
1455	340	344	372	376
1456	340	436	372	468
1457	340	437	372	469
1458	340	440	372	472
1459	341	342	373	374
1460	341	344	373	376
1461	341	400	373	432
1462	341	408	373	440
1463	341	413	373	445
1464	341	433	373	465
1465	342	343	374	375
1466	342	344	374	376
1467	342	345	374	377
1468	342	346	374	378
1469	342	394	374	426
1470	342	395	374	427
1471	342	396	374	428
1472	342	397	374	429
1473	342	399	374	431
1474	342	400	374	432
1475	343	344	375	376
1476	343	347	375	379
1477	343	395	375	427
1478	344	345	376	377
1479	344	347	376	379
1480	344	348	376	380
1481	344	349	376	381
1482	344	416	376	448
1483	344	418	376	450
1484	344	419	376	451
1485	344	433	376	465
1486	344	436	376	468
1487	345	346	377	378
1488	345	348	377	380
1489	345	383	377	415
1490	345	384	377	416
1491	345	389	377	421
1492	345	392	377	424
1493	345	394	377	426
1494	345	399	377	431
1495	345	400	377	432
1496	345	416	377	448
1497	346	347	378	379
1498	346	384	378	416
1499	346	393	378	425
1500	346	394	378	426
1501	346	395	378	427
1502	347	348	379	380
1503	347	349	379	381
1504	348	349	380	381
1505	348	350	380	382
1506	348	351	380	383
1507	348	380	380	412
1508	348	383	380	415
1509	348	384	380	416
1510	348	418	380	450
1511	348	467	380	499
1512	349	350	381	382
1513	349	351	381	383
1514	349	418	381	450
1515	349	466	381	498
1516	349	467	381	499
1517	350	351	382	383
1518	350	352	382	384
1519	350	379	382	411
1520	350	418	382	450
1521	350	465	382	497
1522	350	466	382	498
1523	351	352	383	384
1524	351	379	383	411
1525	351	380	383	412
1526	351	463	383	495
1527	351	467	383	499
1528	352	353	384	385
1529	352	376	384	408
1530	352	377	384	409
1531	352	378	384	410
1532	352	379	384	411
1533	352	463	384	495
1534	353	354	385	386
1535	353	356	385	388
1536	353	377	385	409
1537	353	379	385	411
1538	353	417	385	449
1539	353	420	385	452
1540	354	355	386	387
1541	354	356	386	388
1542	354	465	386	497
1543	355	356	387	388
1544	355	374	387	406
1545	355	376	387	408
1546	356	357	388	389
1547	356	375	388	407
1548	356	424	388	456
1549	357	358	389	390
1550	357	372	389	404
1551	357	373	389	405
1552	358	359	390	391
1553	358	369	390	401
1554	358	370	390	402
1555	358	371	390	403
1556	358	372	390	404
1557	358	373	390	405
1558	358	375	390	407
1559	359	360	391	392
1560	359	371	391	403
1561	360	361	392	393
1562	360	362	392	394
1563	360	371	392	403
1564	361	362	393	394
1565	361	368	393	400
1566	361	370	393	402
1567	361	371	393	403
1568	362	363	394	395
1569	362	368	394	400
1570	362	369	394	401
1571	363	364	395	396
1572	363	366	395	398
1573	363	367	395	399
1574	363	368	395	400
1575	364	365	396	397
1576	364	366	396	398
1577	364	369	396	401
1578	365	366	397	398
1579	365	367	397	399
1580	366	367	398	399
1581	367	368	399	400
1582	367	369	399	401
1583	368	369	400	401
1584	368	370	400	402
1585	369	370	401	402
1586	369	373	401	405
1587	370	371	402	403
1588	370	373	402	405
1589	371	372	403	404
1590	372	373	404	405
1591	373	374	405	406
1592	373	375	405	407
1593	374	375	406	407
1594	374	376	406	408
1595	375	376	407	408
1596	375	377	407	409
1597	376	377	408	409
1598	377	378	409	410
1599	377	417	409	449
1600	378	379	410	411
1601	378	380	410	412
1602	378	381	410	413
1603	379	380	411	412
1604	379	381	411	413
1605	379	382	411	414
1606	379	383	411	415
1607	379	417	411	449
1608	379	418	411	450
1609	379	419	411	451
1610	379	420	411	452
1611	380	381	412	413
1612	380	383	412	415
1613	380	384	412	416
1614	380	467	412	499
1615	381	382	413	414
1616	381	383	413	415
1617	381	385	413	417
1618	382	383	414	415
1619	382	385	414	417
1620	382	388	414	420
1621	382	389	414	421
1622	382	417	414	449
1623	383	384	415	416
1624	383	389	415	421
1625	383	416	415	448
1626	383	417	415	449
1627	383	418	415	450
1628	384	385	416	417
1629	384	386	416	418
1630	384	389	416	421
1631	384	392	416	424
1632	385	386	417	418
1633	385	387	417	419
1634	385	388	417	420
1635	385	389	417	421
1636	386	387	418	419
1637	387	388	419	420
1638	388	389	420	421
1639	388	415	420	447
1640	389	390	421	422
1641	389	392	421	424
1642	389	399	421	431
1643	389	400	421	432
1644	389	412	421	444
1645	389	415	421	447
1646	389	416	421	448
1647	390	391	422	423
1648	390	392	422	424
1649	390	396	422	428
1650	390	399	422	431
1651	391	392	423	424
1652	391	393	423	425
1653	391	394	423	426
1654	391	396	423	428
1655	391	399	423	431
1656	392	393	424	425
1657	392	399	424	431
1658	393	394	425	426
1659	394	395	426	427
1660	394	396	426	428
1661	394	399	426	431
1662	395	396	427	428
1663	395	397	427	429
1664	396	397	428	429
1665	396	398	428	430
1666	396	399	428	431
1667	397	398	429	430
1668	397	399	429	431
1669	397	401	429	433
1670	398	399	430	431
1671	398	400	430	432
1672	398	401	430	433
1673	399	400	431	432
1674	399	412	431	444
1675	400	401	432	433
1676	400	408	432	440
1677	400	409	432	441
1678	400	412	432	444
1679	400	413	432	445
1680	400	416	432	448
1681	401	402	433	434
1682	401	405	433	437
1683	401	408	433	440
1684	401	409	433	441
1685	402	403	434	435
1686	402	404	434	436
1687	402	405	434	437
1688	402	406	434	438
1689	402	407	434	439
1690	402	408	434	440
1691	402	409	434	441
1692	403	404	435	436
1693	403	405	435	437
1694	404	405	436	437
1695	404	406	436	438
1696	405	406	437	438
1697	406	407	438	439
1698	407	408	439	440
1699	408	409	440	441
1700	408	410	440	442
1701	408	413	440	445
1702	409	410	441	442
1703	409	411	441	443
1704	409	412	441	444
1705	409	413	441	445
1706	410	411	442	443
1707	410	412	442	444
1708	410	413	442	445
1709	410	414	442	446
1710	411	412	443	444
1711	411	414	443	446
1712	412	413	444	445
1713	412	414	444	446
1714	412	415	444	447
1715	413	414	445	446
1716	413	415	445	447
1717	413	416	445	448
1718	414	415	446	447
1719	415	416	447	448
1720	416	417	448	449
1721	416	418	448	450
1722	417	418	449	450
1723	417	420	449	452
1724	417	421	449	453
1725	418	419	450	451
1726	419	420	451	452
1727	419	425	451	457
1728	419	426	451	458
1729	419	429	451	461
1730	419	432	451	464
1731	419	433	451	465
1732	420	421	452	453
1733	420	425	452	457
1734	421	422	453	454
1735	421	425	453	457
1736	422	423	454	455
1737	422	424	454	456
1738	423	424	455	456
1739	424	425	456	457
1740	425	426	457	458
1741	425	429	457	461
1742	426	427	458	459
1743	426	428	458	460
1744	426	429	458	461
1745	427	428	459	460
1746	428	429	460	461
1747	428	431	460	463
1748	428	432	460	464
1749	429	430	461	462
1750	429	431	461	463
1751	429	432	461	464
1752	429	433	461	465
1753	430	431	462	463
1754	430	432	462	464
1755	430	433	462	465
1756	430	434	462	466
1757	431	432	463	464
1758	431	435	463	467
1759	432	433	464	465
1760	432	434	464	466
1761	432	436	464	468
1762	433	434	465	466
1763	433	437	465	469
1764	434	435	466	467
1765	434	437	466	469
1766	435	436	467	468
1767	435	437	467	469
1768	435	439	467	471
1769	436	437	468	469
1770	436	439	468	471
1771	436	440	468	472
1772	437	438	469	470
1773	437	439	469	471
1774	437	441	469	473
1775	438	439	470	471
1776	438	441	470	473
1777	438	442	470	474
1778	439	440	471	472
1779	439	443	471	475
1780	440	441	472	473
1781	440	443	472	475
1782	440	444	472	476
1783	441	442	473	474
1784	441	443	473	475
1785	442	443	474	475
1786	442	445	474	477
1787	443	444	475	476
1788	443	445	475	477
1789	443	449	475	481
1790	444	445	476	477
1791	444	446	476	478
1792	444	449	476	481
1793	445	446	477	478
1794	445	480	477	512
1795	446	447	478	479
1796	446	479	478	511
1797	446	480	478	512
1798	447	448	479	480
1799	447	449	479	481
1800	447	477	479	509
1801	447	478	479	510
1802	447	479	479	511
1803	447	480	479	512
1804	448	449	480	481
1805	448	477	480	509
1806	448	478	480	510
1807	448	480	480	512
1808	449	450	481	482
1809	449	475	481	507
1810	449	476	481	508
1811	449	477	481	509
1812	450	451	482	483
1813	450	475	482	507
1814	450	476	482	508
1815	451	452	483	484
1816	451	455	483	487
1817	451	457	483	489
1818	451	474	483	506
1819	452	453	484	485
1820	452	455	484	487
1821	452	476	484	508
1822	453	454	485	486
1823	454	455	486	487
1824	455	456	487	488
1825	455	474	487	506
1826	456	457	488	489
1827	457	458	489	490
1828	457	459	489	491
1829	458	459	490	491
1830	458	460	490	492
1831	459	460	491	492
1832	459	461	491	493
1833	460	461	492	493
1834	461	462	493	494
1835	461	467	493	499
1836	461	468	493	500
1837	462	463	494	495
1838	462	467	494	499
1839	462	468	494	500
1840	462	469	494	501
1841	462	470	494	502
1842	463	464	495	496
1843	463	467	495	499
1844	464	465	496	497
1845	464	466	496	498
1846	465	466	497	498
1847	466	467	498	499
1848	466	468	498	500
1849	467	468	499	500
1850	468	469	500	501
1851	469	470	501	502
1852	470	471	502	503
1853	471	472	503	504
1854	471	473	503	505
1855	472	473	504	505
1856	472	474	504	506
1857	472	475	504	507
1858	473	474	505	506
1859	474	475	506	507
1860	475	476	507	508
1861	476	477	508	509
1862	477	478	509	510
1863	478	479	510	511
1864	478	480	510	512
1865	479	480	511	512
1866	480	481	512	513
